Scratch d

(20 4 21 38 8 39 16 19 22 25) 8 300.0 0.0 
(5 4 20 23 8 9 16 19 22 25) 7 0 49.6
(18 21 51 20 4 5 22 25 9 50) 4 300.0 0.0
(49 4 20 23 8 9 16 19 22 25) 4 1.285 49.2505
(3 33 1 20 4 5 22 25 9 50) 3 300.0 0.0
(16 19 22 25 5 36 50 9) 3 0.666 49.435
(16 3 15 0 14 17 48 38 20 4 5 22 25 9 50) 3 300.0 0.0
(15 3 16 20 4 5 22 25 9 50) 3 300.0 0.0
(3 45 1 20 4 5 22 25 9 50) 3 300.0 0.0
(16 19 22 25 4 20 23 8 9) 3 27.43 48.69
and 59 others

Scratch l
(44 47 22 25) 9 270.941 48.483
(15 18 21 51) 7 6.571 48.3
(45 19 22 25) 5 44.19 48.498
(15 18 21 24 9) 5 3.144 48.5452
(16 19 37 38) 4 31.714 48.336
(1 0 14 17 20 23) 4 57.508 48.62675
(38 37 19 16 1 0 14 46 49) 4 187.12375 48.657
(1 15 18 21 24) 4 44.909 48.38875
and 58 others


Scratch m
(22 7 51 20 23 4 48 24) 4 300.0 0.0
(4 20 23 48 24 5 22 25) 3 300.0 0.0
and 93 others

STSQ d

(16 19 22 25 5 4 20 23 8 9) 11 2.416 0.711
(20 4 21 24 8 26 10 11 16 19 22 25) 8 300.0 0.0
(5 4 20 23 8 9 16 19 22 25) 7 1.858 1.916
(22 5 4 20 23 8 9 16 19 22 25) 6 2.199 0.648
(20 4 21 24 8 16 19 22 25) 6 300.0 0.0
(15 18 21 7 25 22 5 4 20 23 8 9) 4 300.0 0.0
(20 4 21 24 8 26 10 11 19 22 25) 3 300.0 0.0
(18 49 7 51 20 4 5 22 25 9 8 23) 3 300.0 0.0
(18 21 51 20 4 5 22 25 9 8 23) 3 300.0 0.0

STSQ l
(15 18 5 22 25) 32 8.856 34.16959
(1 16 19 22 25) 32 43.284 39.762
(15 18 21 24 9) 17 3.144 37.747
(14 17 4 5 22 25) 11 19.999 26.551


STSQ m
(4 21 24 20 23 5 22 25) 8 5.286 17.64325
(4 21 24 5 22 25 20 23) 8 12.1085 16.496375
(5 22 25 20 23 4 21 24) 7 6.572 14.504
(20 23 5 22 25 21 24) 6 300.0 0.0
(23 4 21 24 5 22 25) 4 48.313 24.988
(22 25 20 23 4 21 24) 3 300.0 0.0

BR d

(5 36 23 8 39 16 19 22 39) 7 9.653 0.357
(15 1 16 19 22 5 36 23 8 39) 5 30.549 2.2616
(20 4 21 38 8 39 16 19 22 25) 4 300.0 0.0
(36 21 38 26 10 41 25 16 19 22 39) 3 300.0 0.0
(5 36 23 8 39 19 22 39) 3 11.0 2.701
(16 19 22 25 28 5 36 23 8 39) 3 53.822 0.166
(20 4 21 38 26 10 41 25 16 19 22 39) 3 300.0 0.0
(15 3 16 36 5 22 25 9 8 23) 3 300.0 0.0

BR l

(15 18 36 23 8 39) 18 11.143 18.621
(15 18 5 22 25) 10 8.856 39.794
(13 12 29 10 11 28 51 24 8 23 36 5 22) 5 300.0 0.0
(8 23 36 18 2 14 0 1 16 19 22) 5 108.1754 26.09
(15 18 21 24 39 25) 5 147.961 43.717
(23 36 18 2 14 0 1 16 19 22) 5 67.103 30.9446
(16 3 15 0 14 17 20 36 5 22) 4 300.0 0.0
(1 16 19 22 25) 3 44.027 46.893

BR m
(21 5 22 25 9 36 23) 5 83.5048 19.0387
(5 22 25 23 8) 5 300.0 0.0
(49 25 36 23 21 5 22 39) 5 300.0 0.0
(5 22 39 23 36 21) 4 26.238 20.17925
(5 22 39 21 38) 4 300.0 0.0
(5 37 36 23 22 25 9) 3 300.0 0.0
(4 21 5 22 25 9 20 23) 3 110.639 46.683
(4 21 5 22 39 20 23) 3 202.794 31.392
(23 6 24 37 22 25) 3 23.365 29.985

SAME TF contents as other BR test

BR-rand d
(5 36 23 8 39 16 19 22 25) 7 13.510 0.214
(19 22 25 5 36 23 8 39) 4 12.666 1.86575

BR-rand l
BR-rand m


