Chez Scheme Transcript [Wed Jan  5 01:18:26 2000]
>> (draft-test-analyze 'd 100)
(((24 21 18 15 1 16 19 22 20 23 8 39) 1 300.0 0.0)
 ((18 21 51 20 4 5 22 25 9 50) 4 300.0 0.0)
 ((5 36 23 8 9 16 19 22 25) 1 0.666 49.348)
 ((25 22 5 4 48 38 8 18 21 24 9 28) 1 300.0 0.0)
 ((10 40 50 23 38 51 8 39 22 5 4 48) 1 300.0 0.0)
 ((49 4 20 23 8 9 16 19 22 25) 4 1.285 49.2505)
 ((20 4 21 38 8 39 16 19 22 25) 8 300.0 0.0)
 ((20 4 21 38 8 39 19 22 25) 2 300.0 0.0)
 ((16 35 21 51 20 34 47 22 7) 1 300.0 0.0)
 ((16 19 22 25 5 36 23 8 9) 2 0.666 49.682500000000005)
 ((20 4 46 24 21 18 15 1 16 19 22) 1 300.0 0.0)
 ((45 19 22 39 20 34 18 21 7 25) 1 300.0 0.0)
 ((16 3 15 0 14 17 48 38 26 20 4 5 22 25 9 50)
  1
  78.772
  48.984)
 ((52 11 28 25 24 21 18 15 1 16 19 22) 1 300.0 0.0)
 ((16 19 22 25 4 20 23 8 9)
  3
  27.427999999999997
  48.687333333333335)
 ((16 19 22 25 6 23 8 53) 1 300.0 0.0)
 ((47 22 25 7 38 26 40 27 11 28) 1 300.0 0.0)
 ((15 18 21 51) 1 300.0 0.0)
 ((25 22 5 36 23 38 15 18 21 51) 1 300.0 0.0)
 ((19 22 25) 2 300.0 0.0)
 ((5 36 23 38 7 24 21 18 15 1 16 19 22) 1 300.0 0.0)
 ((16 19 22 49 4 20 23) 1 300.0 0.0)
 ((5 4 20 23 8 9 16 19 22 25)
  7
  -0.18999999999999997
  49.622142857142855)
 ((25 39 8 38 6 36) 1 300.0 0.0)
 ((16 3 15 0 14 17 48 38 23 20 4 5 22 25 9 50)
  2
  188.6495
  49.616)
 ((20 17 14 44 47 22 7 38 15 18 21 24 9) 1 300.0 0.0)
 ((20 4 5 22 25 51 6 18 21 24) 1 38.891 48.844)
 ((15 3 16 39 22 5 4 20 6) 1 300.0 0.0)
 ((20 4 46 2 47 37 24 21 18 15 1 16 19 22) 1 300.0 0.0)
 ((3 33 1 20 4 5 22 25 9 50) 3 300.0 0.0)
 ((34 20 50 24 51 25 49 4) 1 300.0 0.0)
 ((16 19 22 25 5 36 50 9) 3 0.666 49.435)
 ((1 15 18 21 24 20 34 3 19 22 7) 1 74.466 49.054)
 ((5 4 20 50 9 16 19 22 25) 1 0.666 49.817)
 ((49 4 20 23 38 9 51 21 18 15 1 16 19 22) 1 300.0 0.0)
 ((15 47 22 25 49 4 20 23 38) 1 51.355 48.74)
 ((16 3 15 0 14 17 48 38 20 4 5 22 25 9 50) 3 300.0 0.0)
 ((28 9 24 7 22 5 4 20 23) 1 300.0 0.0)
 ((47 22 25 28 5 4 20 23) 1 300.0 0.0)
 ((51 21 18 15 1 16 19 22 20 23 8 39) 1 70.679 49.098)
 ((18 21 51 4 20 23 8 9) 1 300.0 0.0)
 ((3 35 36 6 51 20 4 5 22 25 9 50) 1 300.0 0.0)
 ((29 40 8 23 6 51 20 4 5 22 25 9 50) 1 300.0 0.0)
 ((20 4 49 39 24 6 18 21 51) 1 300.0 0.0)
 ((29 26 23 6 51 20 4 5 22 25 9 50) 1 300.0 0.0)
 ((15 3 16 20 4 5 22 25 9 50) 3 300.0 0.0)
 ((3 45 1 20 4 5 22 25 9 50) 3 300.0 0.0)
 ((20 34 47 16 35 21 24) 1 300.0 0.0)
 ((20 48 38 8 9 1 15 18 49) 1 300.0 0.0)
 ((16 19 22 25 20 23 8 9) 1 42.13 49.13)
 ((15 33 16 25 22 19 35 4 48) 1 300.0 0.0)
 ((16 19 22 25) 1 300.0 0.0)
 ((20 17 46 49 25 15 18 21 24) 1 300.0 0.0)
 ((12 13 31 11 10 26 23 6 51 20 4 5 22 25 9 50) 1 300.0 0.0)
 ((3 33 1 0 14 17 48 38 20 4 5 22 25 9 50) 1 300.0 0.0)
 ((5 36 23 8 9 19 22 25) 1 2.476 49.344)
 ((16 3 15 0 14 17 48 20 4 5 22 25 9 50)
  2
  68.33500000000001
  48.879000000000005)
 ((17 20 23 38 1 15 18 21 24) 1 300.0 0.0)
 ((16 3 15 0 14 17 20 23 8 39 22 5 4 48) 1 65.06 49.054)
 ((44 15 1 16 19 22 49 4 20 23) 1 300.0 0.0)
 ((20 4 5 22 39 50 18 21 51) 1 57.805 48.975)
 ((5 4 20 23 8 39 16 19 22 25) 1 25.428 48.794)
 ((3 33 1 0 14 17 48 20 4 5 22 25 9 50) 1 300.0 0.0)
 ((49 39 53 31 13 12 42 10 26 23 6 51 20 4 5 22 25 9 50)
  1
  300.0
  0.0))
>> (transcript-off)
