Chez Scheme Transcript [Wed Jan  5 00:23:29 2000]
>>  (draft-test-analyze 'l 100)
(((1 0 14 17 20 23) 4 57.508 48.62675)
 ((18 21 24 9 25 22 19 16) 2 52.634 48.882000000000005)
 ((38 21 18 33 1 0 14 17 20) 1 67.103 48.764)
 ((16 19 22 25 9) 3 50.282000000000004 48.553333333333335)
 ((37 38 23 50 9 25 49 35 45 32) 1 51.464 48.741)
 ((8 23 36 18 33 1 0 14 17 48) 1 300.0 0.0)
 ((18 33 1 0 14 17 20) 1 61.094 48.337)
 ((0 15 18 21 24) 1 29.715 48.657)
 ((45 19 22 25) 5 44.189600000000006 48.498000000000005)
 ((46 49 25 9 8 23 6 37) 1 300.0 0.0)
 ((44 47 22 25) 9 270.9412222222222 48.483)
 ((22 25 9 8 38 6 36 35 45 15 34 17 14) 1 300.0 0.0)
 ((34 20 23 8 9 51 7 49 5 19 45 32) 1 62.021 48.598)
 ((14 17 20 23 8 9) 3 14.57 48.531)
 ((9 8 38 48 34 44 0 1 16 19 22) 2 52.443 48.65)
 ((38 37 19 16 1 0 14 46 49) 4 187.12375 48.657)
 ((37 38 23 50 9 25 49 35 45 0 14 17 34 33) 1 49.665 48.675)
 ((49 25 9 8 38 6 20 34 47 19 45 0) 1 300.0 0.0)
 ((1 15 18 21 24) 4 44.908500000000004 48.38875)
 ((15 18 21 51) 7 6.570999999999999 48.30914285714285)
 ((47 22 25 9 8 38) 1 300.0 0.0)
 ((1 16 19 22 25) 3 39.437000000000005 48.48266666666667)
 ((36 23 8 9 51 7 22 47 34 17 32 0) 2 59.2275 48.6555)
 ((15 18 21 24 9) 5 3.144 48.5452)
 ((21 24 8 23 20 34 33) 1 51.606 48.628)
 ((19 22 25 9 8 38 21 36 20 34 33 1) 1 300.0 0.0)
 ((46 49 25 9 8 23 6 37 47 33) 1 300.0 0.0)
 ((14 17 48 51) 1 17.429 48.488)
 ((22 25 9 8 23 20 17 14 0 15 18 21) 1 61.557 48.582)
 ((51 24 8 23 36 4 34 44 0 1 16 19 22) 1 300.0 0.0)
 ((46 49 25 28 11 27 24) 1 300.0 0.0)
 ((16 19 37 38) 4 31.714 48.336)
 ((32 17 20 23) 1 36.286 48.725)
 ((9 8 23 20 34 44 0 1 16 19 22) 1 52.443 48.658)
 ((16 19 22 39) 1 46.197 48.428)
 ((19 16 1 0 14 46 49) 1 60.631 48.572)
 ((47 22 25 9 8 38 6 36 35 45 1) 1 300.0 0.0)
 ((17 20 23 26 10 11 28 9) 1 300.0 0.0)
 ((3 16 1 0 14 46 49) 1 59.475 48.613)
 ((46 49 25 9 8 23 6 37 47 34) 1 300.0 0.0)
 ((19 22 25 9 8 38 6 36 18 33 1 0 14 17) 1 67.044 48.921)
 ((49 25 9 8 38 6 20 34 33) 2 300.0 0.0)
 ((47 22 25 9 8 38 21 36 20 17 32 45) 1 300.0 0.0)
 ((18 21 24 8 23 20 17 14 0 45 19 22 25) 1 45.807 49.185)
 ((34 44 0 1 16 19 22) 1 73.126 48.862)
 ((21 24 9 25 22 19 3 33 1 0 14 17 20) 1 60.631 48.679)
 ((23 20 17 14 0 15 18 21) 1 53.201 48.388)
 ((51 9 8 23 20 34 44 0 1 16 19 22) 1 300.0 0.0)
 ((19 22 25 9 8 26 10 11) 1 300.0 0.0)
 ((35 36 23 8 9 28 11 10 29 12) 1 300.0 0.0)
 ((51 9 8 23 36 4 34 44 0 1 16 19 22) 1 74.333 48.725)
 ((24 8 23 36 35 16 1 0 44 47) 1 300.0 0.0)
 ((51 48 34 2 14 0 1 16 35 36) 1 300.0 0.0)
 ((50 36 46 17 34 44 0 1 16 19 22) 1 300.0 0.0)
 ((19 22 25 28 31 13 12 42 10 26 23 20 17 14 0 15 18 21 24)
  1
  300.0
  0.0)
 ((46 49 25 9 24 6 23) 1 300.0 0.0))
>> (transcript-off)
