Chez Scheme Transcript [Wed Jan  5 12:28:34 2000]
>> (draft-test-analyze 'm 100)
(((49 25 20 23 48 24) 2 24.999 48.795)
 ((5 37 51 49 39 36 23) 1 300.0 0.0)
 ((21 24 5 22 25 36 23) 2 43.853 49.022000000000006)
 ((4 21 24 20 23 5 22 25) 1 12.286 48.782)
 ((49 25 38) 1 300.0 0.0)
 ((4 5 37 20 48 51 7 39 27 11 31 13 54) 1 300.0 0.0)
 ((34 48 6 5 22 25 4 21 24 8) 1 300.0 0.0)
 ((4 20 23 48 24 5 22 25) 3 300.0 0.0)
 ((20 23 51 21 5 22) 1 32.905 48.803)
 ((23 50 49 25 9 38) 1 300.0 0.0)
 ((49 25 37 36 50 8) 1 300.0 0.0)
 ((21 35 19 22 20 48 51 9) 1 300.0 0.0)
 ((48 37 22 25 36 50 8) 1 300.0 0.0)
 ((5 47 3 45 1 20 50 17 46 21 7) 1 300.0 0.0)
 ((4 18 2 14 0 5 22 25 48 6) 1 300.0 0.0)
 ((20 5 22 39 46 21) 1 57.312 49.036)
 ((5 22 25 21 20 23) 2 300.0 0.0)
 ((5 22 25 20 50 48 38) 1 300.0 0.0)
 ((5 19 45 1 49 39 2 34 48 6) 1 300.0 0.0)
 ((4 21 24 5 22 25) 1 300.0 0.0)
 ((20 23 8 24 21 5 22) 1 300.0 0.0)
 ((20 38 5 22 25) 1 79.027 48.74)
 ((49 25 36 23 37) 1 300.0 0.0)
 ((23 52 51 21 5 22 20 50 8) 1 300.0 0.0)
 ((37 22 25 48 24 20 23) 2 14.044999999999998 49.3155)
 ((20 23 48 24 22 25 41 11) 1 300.0 0.0)
 ((22 7 51 20 23 4 48 24) 4 300.0 0.0)
 ((20 23 5 22 25 21 24) 2 300.0 0.0)
 ((23 20 4 21 50 5 22 25) 1 59.043 49.048)
 ((2 34 20 5 22 25 21 24) 1 300.0 0.0)
 ((22 25 9 19 37) 1 300.0 0.0)
 ((20 23 51 21 5 22 39) 1 300.0 0.0)
 ((20 23 21 5 22 25 48 24) 1 23.333 49.295)
 ((36 50 5 22 25 38) 2 300.0 0.0)
 ((36 5 22 25 21 24 8) 1 58.089 48.862)
 ((2 46 21 20 23 49 25) 1 64.42 49.047)
 ((21 24 36 23 5 22 25) 1 35.191 49.401)
 ((36 6 38 49 25 4 21 24) 1 52.37 49.082)
 ((36 23 20 50 37 22 25) 1 66.64 48.653)
 ((21 51 9 36 23 3 47 22) 1 300.0 0.0)
 ((52 23 22 25 9 38) 1 300.0 0.0)
 ((4 5 37 22 25 9) 1 300.0 0.0)
 ((49 25 48 24 20 23) 1 24.999 49.022)
 ((5 22 25 20 23 4 21) 1 35.38 49.135)
 ((37 24 5 22 25 36 23) 1 300.0 0.0)
 ((20 23 48 24 37 22 25) 1 4.286 49.096)
 ((23 5 22 25 50 20 4 21) 1 62.775 48.762)
 ((48 38 20 50 5 22 25) 1 300.0 0.0)
 ((20 48 24 23 36 5 22 25) 1 63.5 49.786)
 ((22 39 20 48 51 4 18 2) 1 300.0 0.0)
 ((36 23 49 25 9 21) 1 35.667 49.201)
 ((48 6 23 7 25 9 36) 1 300.0 0.0)
 ((38 37 22 25 24) 2 25.952 49.0025)
 ((20 50 5 22 25 21 38) 1 18.572 48.642)
 ((4 36 48 24 37 22 25) 1 300.0 0.0)
 ((20 34 2 5 37 24 39 25 36 23) 1 62.318 49.153)
 ((24 21 5 22 20 23) 1 29.662 49.01)
 ((36 23 48 24 49 25) 1 40.112 48.838)
 ((4 21 20 23 5 22 25) 1 6.381 48.853)
 ((5 37 22 25 9) 1 300.0 0.0)
 ((17 2 18 36 48 24 37 22 25) 1 57.968 49.819)
 ((37 22 25 48 24 23) 1 38.524 48.965)
 ((4 36 50 5 22 25 21 24 8) 1 51.814 48.994)
 ((36 4 37 24 39 25 23 52) 1 300.0 0.0)
 ((5 22 25 21) 1 300.0 0.0)
 ((23 50 5 22 25 38) 1 300.0 0.0)
 ((48 21 37 22 25 20 50) 1 300.0 0.0)
 ((49 39 38) 1 300.0 0.0)
 ((6 48 34 50 23 5 22 25) 1 72.301 48.849)
 ((8 38 21 4 20 22 25) 1 300.0 0.0)
 ((2 46 21 24 36 23 5 22 25) 1 55.32 49.325)
 ((20 23 22 39 21 51) 1 300.0 0.0)
 ((4 48 24 20 23 7 25 9 27) 1 300.0 0.0)
 ((21 38 50 5 22 25) 1 44.298 48.642)
 ((37 51 20 50 49 25) 1 300.0 0.0)
 ((20 23 52 48 24 51 21 5 22) 1 53.459 49.037)
 ((20 23 4 21 24 47 22 25) 1 300.0 0.0)
 ((23 48 24 49 25) 1 39.19 48.78)
 ((20 23 37 22 25 48 24) 1 4.286 49.209)
 ((49 25 48 24 23) 1 49.285 48.453)
 ((4 21 20 23 22 25 9) 1 56.999 49.012)
 ((36 23 22 25 9 21) 1 51.762 49.122)
 ((5 22 25 48) 1 300.0 0.0)
 ((22 25 9 38 21 4 20) 1 41.761 49.046)
 ((38 5 22 25 4 21 24) 1 49.696 49.063)
 ((21 38 49 25) 1 300.0 0.0)
 ((36 23 21 22 25) 1 300.0 0.0)
 ((4 5 47 3 20 23 37 24 39 25) 1 300.0 0.0))
>> (transcript-off)
