Chez Scheme Transcript [Fri Mar 10 00:37:10 2000]
> *tip-1* *tip-2*
19
> 17
>  *tip-2s*
((1 0)
 (2 0)
 (3 0)
 (4 0)
 (5 0)
 (6 0)
 (7 0)
 (8 0)
 (9 0)
 (12 0)
 (13 0)
 (14 0)
 (15 0)
 (16 0)
 (20 0)
 (21 0)
 (10 0)
 (18 17)
 (17 400)
 (11 0))
> (take-step)
> (choice-info)
((51 70854.83 -2628548.92)
 (9 73868.83 -3220534.92)
 (41 -185308.11 -1096514.36)
 (28 -185644.11 -1516850.36))
>  (take-step) (choice-info)
> ((8 74979.69 -2413689.06)
 (24 73517.93 -2066095.82)
 (50 65749.456 -1057518.044)
 (40 -205185.354 -415186.604)
 (39 -69.888 -205254.888)
 (53 -205460.104 -205495.104)
 (27 -205372.004 -205407.004))
>  (take-step) (choice-info)
> ((23 74748.73 -908395.02)
 (38 72509.23 -910634.52)
 (26 -148487.466 -1970978.716)
 (52 35743.92 -595786.08))
> *choice-weights*
((23 70938.48
     -750.0
     121.5
     -978250.0
     2625.0
     0
     1045.0
     0
     -1500.0)
 (38 69738.48 -750.0 0 -978250.0 2625.0 0 127.0 0 -1500.0)
 (26 59159.984
     -650.0
     105.3
     -2028600.0
     -207875.0
     0
     106.0
     0
     -1100.0)
 (52 35913.92 -200.0 0 -629300.0 1425.0 -1600.0 0 0 -600.0))
>  (take-step) (choice-info) *choice-weights*
> ((20 74981.25 72712.5)
 (6 72365.25 -700603.5)
 (36 76022.25 73753.5))
> ((20 72000.0 -750.0 337.5 2625.0 2625.0 0 0 0 -1500.0)
 (6 69600.0 -750.0 121.5 -768075.0 2625.0 0 0 0 -1500.0)
 (36 70800.0 -750.0 202.5 2625.0 2625.0 0 2376.0 0 -1500.0))
>  (take-step) (choice-info) *choice-weights*
> ((5 39997.815 80150.94)
 (21 38895.418 37609.168)
 (35 -410358.022 -174714.272)
 (4 28586.922 26950.672)
 (49 1058.63 23472.38)
 (18 -185558.44 22921.56)
 (46 -192713.402 16877.848))
> ((5 71698.44
    1125.0
    202.5
    2625.0
    2625.0
    0
    3000.0
    -37500.0
    1500.0)
 (21 36959.168 -450.0 0 2100.0 1925.0 0 0 0 -1000.0)
 (35 33180.728
     -450.0
     225.0
     -208670.0
     -418775.0
     0
     0
     -25000.0
     1000.0)
 (4 27000.672 -450.0 0 1400.0 1575.0 0 0 0 -1000.0)
 (49 23499.48
     -450.0
     72.9
     1050.0
     1575.0
     -1600.0
     0
     -22500.0
     900.0)
 (18 23300.56 -400.0 81.0 840.0 -208950.0 0 0 0 -900.0)
 (46 18320.448
     -350.0
     32.4
     875.0
     -209475.0
     -1600.0
     0
     0
     -400.0))
>  (take-step) (choice-info) *choice-weights*
> ((37 72074.67 69805.92) (47 -186483.64 -187243.64))
> ((37 69430.92 -750.0 0 2625.0 2625.0 0 0 0 -1500.0)
 (47 22456.36 -400.0 0 -208600.0 -208950.0 0 0 0 -700.0))
> (choice-info)
((37 72074.67 69805.92) (47 -186483.64 -187243.64))
> (transcript-off)
