(a-archs
   ends
   ((4 40) (20 20) (36 20) (48 20) (5 10))
   ((25 40) (51 5) (22 5) (39 5)))
 (back-slashs
   ends
   ((48 20) (20 30) (36 40) (4 20) (21 10) (38 10))
   ((51 40) (25 30) (39 20) (9 40)))
 (basebars
   ends
   ((8 40) (23 7) (50 13) (20 7) (52 7))
   ((9 40) (22 13) (39 27) (8 27) (25 27) (11 13)))
 (caps ends
   ((4 40) (36 40) (5 13) (20 7) (22 7) (48 7) (35 7) (21 7))
   ((5 27) (36 7) (49 13) (22 40) (4 13) (7 13) (35 7) (37 7)))
 (center-posts
   ends
   ((15 40) (33 11) (17 11) (18 11) (32 6) (0 6) (14 6))
   ((24 20) (25 40) (9 40) (51 20) (39 20) (38 10) (37 10)))
 circles
 (crossbars
   ends
   ((4 40) (6 40) (36 40) (20 13) (38 27) (47 13) (5 13) (46 13))
   ((5 40) (7 10) (49 20) (35 20) (4 10) (6 10) (37 20) (47 10) (22 10)))
 dots
 (down-arms
   ends
   ((51 27) (21 13) (50 27) (6 40) (49 13) (7 27) (48 13))
   ((51 6) (25 40) (9 6) (39 17)))
 down-circles
 (e-bowls
   ends
   ((22 40) (49 40) (5 40) (25 8))
   ((9 40) (39 15) (8 15) (51 5) (25 5)))
 (e-crossbars
   ends
   ((6 40) (48 27) (38 13) (7 13) (37 13))
   ((7 40) (51 27) (37 40)))
 (e-tails
   ends
   ((23 40) (24 13) (50 27) (20 13) (8 27) (38 13) (51 27))
   ((9 40) (39 24) (8 16) (51 8) (25 8)))
 (f-posts
   ends
   ((1 13) (47 27) (45 40) (3 27) (16 13) (19 13) (0 13) (33 27))
   ((24 40) (23 30) (50 30) (51 20) (38 10)))
 (forward-slashs
   ends
   ((38 40) (8 8) (50 40) (23 32) (6 8) (39 8))
   ((37 40) (5 7) (7 13) (39 7) (49 20) (22 27)))
 (halfposts
   ends
   ((5 40) (39 10) (24 10) (21 30) (22 20) (6 20) (48 10) (49 10) (37 20))
   ((25 40) (24 20) (39 20) (9 7) (51 7) (38 20)))
 (left-bowls
   ends
   ((5 40) (49 25) (4 15) (7 10) (37 20) (22 10) (21 5))
   ((9 40) (25 9) (39 12) (8 9) (51 6)))
 (left-downbowls
   ends
   ((7 40) (37 20) (38 7))
   ((9 40) (39 13) (50 7) (8 7)))
 (left-halfarcs
   ends
   ((20 40) (4 8) (36 32) (23 16) (50 8))
   ((8 40) (38 30) (50 20) (24 20) (23 10) (6 10)))
 (left-halfarchs
   ends
   ((4 27) (48 40) (36 13) (24 13) (21 13))
   ((24 40) (48 10) (21 20) (51 10)))
 (left-halfposts
   ends
   ((20 40) (48 30) (36 30) (21 20) (4 20) (23 10) (37 10))
   ((23 40) (24 16) (50 24) (38 32) (20 8) (51 8)))
 (left-posts
   ends
   ((14 40) (0 13) (17 40) (44 27) (32 27) (15 13) (33 13) (18 13))
   ((23 40) (38 24) (20 16) (24 8) (50 16) (21 8)))
 (left-tails
   ends
   ((20 40) (38 13) (4 13) (48 27) (26 13) (23 27) (40 13))
   ((29 40) (30 10) (23 10) (42 20) (12 10) (10 10) (26 10)))
 (left-uparcs
   ends
   ((20 40) (23 9) (36 18) (4 9) (48 9) (21 4))
   ((9 40) (39 27) (8 13) (24 13) (23 13) (25 7) (37 7) (38 7) (51 7)))
 (left-upbowls
   ends
   ((5 40) (37 4) (49 12) (22 4) (4 20))
   ((20 13) (7 40) (6 27) (48 27) (36 13) (37 7) (21 7)))
 (left-wings
   ends
   ((20 40) (48 20) (36 30) (4 30) (50 10) (21 10))
   ((50 30) (24 40) (23 30) (51 20) (38 20)))
 (right-bowls
   ends
   ((4 40) (36 30) (5 30) (6 10) (48 20))
   ((8 40) (50 23) (9 6) (38 6)))
 (right-buttresss
   ends
   ((4 40) (49 13) (36 13) (7 7) (5 7) (50 7) (38 13) (37 7) (48 20))
   ((25 40) (39 20) (51 4) (9 4) (50 4) (24 4)))
 (right-curls
   ends
   ((5 36) (49 18) (22 40) (21 18) (24 4) (37 18) (48 9) (6 4) (20 4))
   ((13 24) (29 40) (12 24) (42 24) (10 24) (11 16) (40 8) (27 8) (52 8) (54 16) (30 8) (43 16) (55 8) (53 16) (28 16) (26 8) (41 8)))
 (right-downbowls
   ends
   ((6 40) (51 25) (7 35) (9 5) (25 10) (22 5) (39 10) (37 5) (48 10))
   ((8 40) (23 12) (50 15) (39 6) (9 15)))
 (right-halfarcs
   ends
   ((21 40) (51 16) (24 24) (48 16) (38 8))
   ((9 27) (51 40) (39 40) (24 27) (21 13) (25 13) (8 13)))
 (right-halfarchs
   ends
   ((5 40) (21 40) (49 40) (22 20) (37 20) (7 20))
   ((25 40) (9 8) (39 16) (49 8)))
 (right-halfposts
   ends
   ((22 40) (5 10) (49 30) (21 20) (25 10) (37 20))
   ((25 40) (22 20) (49 10) (51 10) (39 30) (9 10) (24 10)))
 (right-hooks
   ends
   ((5 15) (48 5) (25 15) (37 5) (22 40) (24 5) (39 5) (49 5))
   ((13 8) (29 24) (12 24) (54 24) (10 40) (52 16) (11 8) (27 8)))
 (right-posts
   ends
   ((16 27) (33 40) (19 27) (18 13) (45 13))
   ((25 40) (51 40) (22 27) (39 13)))
 (right-tails
   ends
   ((22 40) (51 13) (25 27) (37 27) (49 13) (28 13) (48 13))
   ((31 20) (30 10) (28 40) (55 10) (13 20) (11 10)))
 (right-wings
   ends
   ((22 40) (21 13) (49 13) (5 27) (37 13))
   ((39 40) (25 27) (38 27) (8 13)))
 (s-bases
   ends
   ((8 40) (23 30) (50 20) (48 10) (9 20))
   ((9 40) (39 30) (25 20) (51 10) (23 10) (22 10)))
 (s-crossbars
   ends
   ((6 40) (48 20) (7 10) (5 10))
   ((7 40) (51 27) (6 13) (37 13) (5 13)))
 (t-posts
   ends
   ((18 40) (35 6) (17 17) (46 11))
   ((9 40) (7 10) (39 30) (25 20) (51 20) (24 10)))
 (up-arms
   ends
   ((38 10) (6 20) (37 10) (4 30) (36 40) (5 10))
   ((37 40) (5 40) (49 27) (21 13) (36 13) (22 13) (4 13)))
 up-circles
 (z-caps
   ends
   ((4 40) (36 40) (5 13))
   ((5 40) (49 27) (4 13) (36 13)))
