117 0 0 0 13 0 0 0 0 7 0 0 0 0 2 0 0 0 0 0 0 1 0 0 0 0 
0 120 0 0 0 0 0 0 0 0 0 10 0 0 0 0 0 0 0 0 0 0 0 0 0 0 
0 0 105 0 0 0 0 0 0 0 0 0 0 0 5 0 0 0 0 0 0 0 0 0 0 0 
0 0 0 130 0 0 0 0 0 0 0 10 0 0 0 0 0 0 0 0 0 0 0 0 0 0 
0 0 10 0 160 0 0 0 0 0 0 0 0 0 0 0 0 0 0 0 0 0 0 0 0 0 
0 0 0 0 0 118 0 0 0 0 0 0 0 0 0 0 0 1 0 1 0 0 0 0 0 0 
0 0 0 0 0 0 151 0 0 0 0 0 0 0 0 0 0 0 0 0 0 0 0 0 9 0 
0 0 0 0 0 1 0 89 0 0 0 10 0 0 0 0 0 0 0 0 0 0 0 0 0 0 
0 0 0 0 0 0 0 0 160 0 0 0 0 0 0 0 0 0 0 0 0 0 0 0 0 0 
0 0 0 0 0 0 0 0 0 240 0 0 0 0 0 0 0 0 0 0 0 0 0 0 0 0 
0 0 0 0 0 10 0 0 0 0 129 0 0 0 0 0 0 0 0 1 0 0 0 0 0 0 
0 0 0 0 0 0 0 0 0 0 0 110 0 0 0 0 0 0 0 0 0 0 0 0 0 0 
0 0 0 0 0 0 0 0 0 0 1 0 162 33 0 0 0 2 0 0 0 0 2 0 0 0 
1 0 0 0 0 0 0 0 0 0 0 0 12 100 4 0 0 0 0 0 3 0 0 0 0 0 
8 1 0 0 3 0 2 0 0 0 0 0 0 0 120 0 2 0 1 0 0 10 0 0 0 0 
0 0 0 0 0 0 0 0 0 0 0 0 0 0 0 246 0 0 0 0 0 0 0 0 4 0 
0 0 0 0 0 0 1 0 0 0 0 0 0 0 7 0 240 0 0 0 0 0 0 0 2 0 
0 0 10 0 0 0 0 0 0 0 0 0 0 0 9 0 0 131 0 0 0 0 0 0 0 0 
0 0 0 0 0 0 0 0 0 0 0 0 0 1 8 0 0 3 153 0 1 4 0 0 0 0 
0 0 0 0 0 0 0 0 0 0 0 0 0 0 0 0 0 0 0 130 0 0 0 0 0 0 
0 0 0 0 0 0 0 0 0 0 0 0 0 4 0 0 0 5 0 0 133 10 2 0 6 0 
0 0 0 0 0 0 0 0 0 0 0 0 0 0 0 0 0 0 0 0 0 160 0 0 0 0 
0 0 0 0 0 0 0 0 0 1 0 0 4 0 0 0 0 0 0 0 29 0 181 0 5 0 
1 0 0 0 0 0 0 0 0 0 6 0 1 0 0 0 0 0 0 0 10 0 3 119 0 0 
0 0 0 0 0 0 0 0 0 0 0 0 0 0 0 0 0 0 0 0 0 0 0 0 220 0 
1 0 6 0 5 0 0 0 0 0 0 0 0 1 11 0 0 4 0 0 0 0 1 0 6 75 