277 0 0 0 16 0 0 0 10 0 0 0 0 10 12 0 0 0 0 0 10 1 8 0 0 1
0 300 0 10 0 0 0 10 1 9 0 10 0 0 0 0 0 0 0 0 0 0 0 0 0 0
0 0 293 0 0 0 0 5 6 0 0 0 4 0 7 0 0 0 0 0 0 0 0 0 0 5
0 1 0 329 0 0 0 0 10 0 0 10 0 0 0 0 0 0 0 0 0 0 0 0 0 0
0 0 10 0 329 0 0 0 10 0 2 0 0 0 10 0 0 10 1 0 0 0 0 0 0 4
0 0 0 0 0 312 0 0 10 0 0 0 0 0 0 0 0 5 0 2 1 0 0 0 0 0
0 0 0 0 0 0 325 0 0 10 0 0 0 8 2 0 4 0 0 0 0 0 0 0 12 0
0 0 0 0 0 4 0 275 10 0 10 10 1 0 0 0 0 0 0 0 0 0 0 0 0 0
0 0 0 0 0 0 0 0 360 0 0 0 0 0 0 0 0 0 0 0 0 0 0 0 0 0
0 0 0 0 0 0 0 0 0 430 0 0 0 0 0 0 0 0 0 0 0 0 0 0 0 0
0 0 0 0 0 30 0 0 0 0 313 0 3 0 0 0 0 0 0 4 0 0 0 0 0 0
0 0 0 0 0 0 0 0 10 0 0 300 0 0 0 0 0 0 0 10 0 0 0 0 0 0
0 0 3 0 0 0 0 0 4 0 5 0 340 47 0 0 0 5 0 0 0 0 2 3 1 0
0 0 0 0 0 0 0 0 10 0 0 0 32 281 4 0 0 0 0 0 3 0 0 0 0 0
21 7 0 0 1 0 3 0 1 9 0 0 0 0 300 0 4 0 2 0 0 10 0 0 0 0
0 0 0 0 0 0 0 0 0 20 0 0 0 0 0 426 1 0 0 0 0 0 0 0 13 0
0 0 0 0 0 0 0 0 0 9 0 0 0 4 8 0 436 0 0 0 1 0 0 0 0 0
0 0 10 0 0 0 0 0 10 0 0 0 0 0 6 0 0 334 0 0 0 0 0 0 0 0
0 0 0 0 0 0 0 0 10 0 0 9 0 0 8 0 0 24 319 0 7 1 0 0 1 1
0 0 0 0 0 0 0 0 10 0 5 0 0 0 0 0 0 0 0 325 0 0 0 0 0 0
0 0 0 0 0 0 0 0 10 0 0 0 0 3 0 0 0 15 0 0 307 10 18 0 7 0
0 0 0 0 0 0 0 0 4 0 0 0 0 0 0 0 0 0 0 0 34 310 10 0 0 12
0 0 0 6 0 0 0 0 1 10 1 0 3 0 0 0 0 0 0 0 45 1 348 0 14 0
0 0 0 2 0 0 0 0 0 0 22 0 0 0 0 0 0 0 0 0 10 0 18 300 0 0
0 0 0 0 0 0 0 0 0 9 0 0 0 0 0 0 0 0 0 0 0 0 0 0 421 0
3 0 9 0 6 0 0 0 9 1 0 0 0 2 10 0 0 5 1 0 4 0 0 0 5 265
 
 
