117 0 0 0 16 0 0 0 0 0 0 0 0 0 2 0 0 0 0 0 0 1 0 0 0 0
0 120 0 0 0 0 0 0 0 0 0 10 0 0 0 0 0 0 0 0 0 0 0 0 0 0
0 0 103 0 0 0 0 0 0 0 0 0 0 0 7 0 0 0 0 0 0 0 0 0 0 0
0 0 0 130 0 0 0 0 0 0 0 10 0 0 0 0 0 0 0 0 0 0 0 0 0 0
0 0 10 0 160 0 0 0 0 0 0 0 0 0 0 0 0 0 0 0 0 0 0 0 0 0
0 0 0 0 0 118 0 0 0 0 0 0 0 0 0 0 0 0 0 1 1 0 0 0 0 0
0 0 0 0 0 0 152 0 0 0 0 0 0 0 2 0 4 0 0 0 0 0 0 0 2 0
0 0 0 0 0 4 0 85 0 0 0 10 1 0 0 0 0 0 0 0 0 0 0 0 0 0
0 0 0 0 0 0 0 0 160 0 0 0 0 0 0 0 0 0 0 0 0 0 0 0 0 0
0 0 0 0 0 0 0 0 0 240 0 0 0 0 0 0 0 0 0 0 0 0 0 0 0 0
0 0 0 0 0 9 0 0 0 0 130 0 0 0 0 0 0 0 0 1 0 0 0 0 0 0
0 0 0 0 0 0 0 0 0 0 0 110 0 0 0 0 0 0 0 0 0 0 0 0 0 0
0 0 0 0 0 0 0 0 4 0 0 0 164 27 0 0 0 1 0 0 0 0 1 3 0 0
0 0 0 0 0 0 0 0 0 0 0 0 13 101 4 0 0 0 0 0 2 0 0 0 0 0
6 4 0 0 1 0 2 0 0 0 0 0 0 0 120 0 3 0 2 0 0 10 0 0 0 0
0 0 0 0 0 0 0 0 0 0 0 0 0 0 0 246 0 0 0 0 0 0 0 0 4 0
0 0 0 0 0 0 0 0 0 0 0 0 0 0 8 0 240 0 0 0 0 0 0 0 0 0
0 0 10 0 0 0 0 0 0 0 0 0 0 0 6 0 0 134 0 0 0 0 0 0 0 0
0 0 0 0 0 0 0 0 0 0 0 0 0 0 8 0 0 6 148 0 7 1 0 0 0 0
0 0 0 0 0 0 0 0 0 0 0 0 0 0 0 0 0 0 0 130 0 0 0 0 0 0
0 0 0 0 0 0 0 0 0 0 0 0 0 3 0 0 0 5 0 0 132 10 3 0 7 0
0 0 0 0 0 0 0 0 0 0 0 0 0 0 0 0 0 0 0 0 0 160 0 0 0 0
0 0 0 0 0 0 0 0 0 2 1 0 3 0 0 0 0 0 0 0 25 1 186 0 2 0
0 0 0 0 0 0 0 0 0 0 9 0 0 0 0 0 0 0 0 0 10 0 1 120 0 0
0 0 0 0 0 0 0 0 0 0 0 0 0 0 0 0 0 0 0 0 0 0 0 0 220 0
2 0 9 0 4 0 0 0 0 0 0 0 0 2 9 0 0 4 1 0 0 0 0 0 5 74
BLAT##
57 0 0 0 9 0 0 0 0 0 0 0 0 0 3 0 0 0 1 0 0 0 0 0 0 0
0 60 0 0 0 0 0 0 0 0 0 5 0 0 0 0 0 0 0 0 0 0 0 0 0 0
0 0 50 0 0 0 0 0 0 0 0 0 0 0 5 0 0 0 0 0 0 0 0 0 0 0
0 0 0 65 0 0 0 0 0 0 0 5 0 0 0 0 0 0 0 0 0 0 0 0 0 0
0 0 1 0 84 0 0 0 0 0 0 0 0 0 0 0 0 0 0 0 0 0 0 0 0 0
0 0 0 0 0 56 0 0 0 0 0 0 0 0 0 0 0 3 0 0 0 0 1 0 0 0
0 0 0 0 1 0 75 0 0 0 0 0 0 0 1 0 0 0 0 0 0 0 0 0 3 0
0 0 0 0 0 1 0 44 0 0 0 4 0 0 0 0 0 0 0 1 0 0 0 0 0 0
0 0 0 0 0 0 0 0 80 0 0 0 0 0 0 0 0 0 0 0 0 0 0 0 0 0
0 0 0 0 0 0 0 0 0 120 0 0 0 0 0 0 0 0 0 0 0 0 0 0 0 0
0 0 0 0 0 5 0 0 0 0 50 0 2 0 0 0 0 0 0 13 0 0 0 0 0 0
0 0 0 0 0 0 0 0 0 0 0 55 0 0 0 0 0 0 0 0 0 0 0 0 0 0
4 0 0 0 1 0 0 0 2 0 0 0 58 31 0 0 0 1 0 0 0 0 2 1 0 0
0 0 0 0 0 0 0 1 0 0 0 0 5 47 5 0 0 1 0 0 1 0 0 0 0 0
2 2 0 0 0 0 1 0 0 0 0 0 0 0 60 0 3 0 0 0 0 5 0 0 0 0
0 0 0 0 0 0 1 0 0 0 0 0 0 0 0 120 0 0 0 0 0 0 0 0 4 0
0 0 0 0 0 0 0 0 0 0 0 0 0 0 5 0 120 0 0 0 0 0 0 0 0 0
0 0 5 0 0 0 0 0 0 0 0 0 0 1 5 0 0 64 0 0 0 0 0 0 0 0
0 0 2 0 0 0 0 0 0 0 0 0 0 0 8 0 0 15 55 0 4 1 0 0 0 0
0 0 0 0 0 1 0 0 0 0 1 0 0 0 0 0 0 3 0 59 0 0 1 0 0 0
0 0 0 0 0 0 0 0 0 0 0 0 0 3 0 0 0 7 0 0 65 2 1 0 2 0
0 0 1 0 0 0 0 0 0 0 0 0 0 0 4 0 0 2 0 0 18 54 1 0 0 0
0 0 1 0 1 0 0 0 0 1 0 0 0 0 1 0 0 0 0 0 38 0 67 0 1 0
0 0 0 0 1 0 0 0 0 0 2 0 0 0 0 0 0 0 0 0 4 0 3 60 0 0
0 0 0 0 0 0 0 0 0 0 0 0 0 0 0 0 0 0 0 0 0 0 0 0 110 0
5 0 3 0 1 0 0 0 0 0 0 0 0 0 6 0 0 4 0 0 0 0 0 0 0 36
