SS
a  4 13 56 68 62 67
d  0  3 56 88 53 59
h  2  8 41 77 42 64
y 23 70 87 85 81 65
SH
a  9 30 61 48 51 88
d  2  1 17 93 12 54
h  2  5 14 29 20 22
y 11 50 61 39 34 63
BT
a 41 64 26 32 35 66
d 51 20  3 46 20 33
h 32 21  9 48 28 33
y 57 93 10 20 48 73
H4
a 83 81 38 30 47 34
d 75 79 50  6 46 42
h 79 80 64 25 64 45
y 80 83 51 50 54 37
BL
a 15 58 29 20  7 65
d 13 13 14 66  1 66
h 15 14  8 76  5 69
y 67 62 45 42 44 66
BR
a 26 25 38 81 88  4
d 22 31 37 31 85  4
h 45 49 51 35 92  4
y 71 78 85 83 87 14

Raw score: 20/24=83%
