QUANTA
10 4.596 5.516 4.892 6.635 0.608 3.789 3.652 2.49 0 2.729 1.113 3.946 5.455 7.226 5.116 5.045 4.567 6.93 3.121 6.163 5.104 4.226 3.649 2.989 4.694
4.992 10 5.396 4.202 4.936 0.695 3.403 7.418 2.494 0 5.778 1.95 3.821 5.329 6.588 4.964 3.81 4.725 4.447 2.479 5.31 4.553 4.668 2.458 2.509 3.335
4.387 3.78 10 4.915 6.412 0.925 3.141 2.476 3.256 0 1.914 2.061 3.111 5.195 6.99 3.523 3.585 5.757 6.29 3.995 4.586 5.472 3.466 3.379 1.357 5.342
5.277 4.215 6.244 10 5.294 0.84 4.652 3.496 2.063 0 1.532 1.09 4.16 5.382 6.552 4.385 5.078 4.829 4.507 2.763 5.809 4.431 4.522 2.553 3.344 3.709
6.605 4.488 7.108 4.865 10 1.07 3.574 3.359 2.973 0 4.073 1.604 4.189 5.413 7.325 4.81 4.516 6.338 7.234 3.298 4.936 5.399 3.631 4.064 1.774 6.127
2.378 1.851 4.117 1.96 2.816 10 0.459 2.909 6.08 4.896 2.096 6.154 4.028 4.025 3.423 1.376 1.151 4.45 3.349 6.525 2.747 3.892 3.071 3.33 0 3.024
4.717 3.944 5.339 5.08 4.581 0 10 3.331 1.707 1.295 1.098 0.797 3.997 5.144 6.011 4.296 7.583 4.359 4.056 2.154 5.004 3.728 3.831 2.156 6.715 3.035
3.048 6.949 3.418 2.297 2.79 0.432 1.414 10 2.909 0 6.085 2.14 4.98 6.928 5.036 3.233 2.529 5.067 2.219 1.615 4.709 4.122 3.95 2.278 1.055 1.37
2.297 1.692 4.474 1.195 2.854 5.045 0 3.358 10 5.812 2.509 6.067 4.624 4.66 3.9 1.582 1.001 4.771 3.356 5.703 3.889 5.169 4.066 4.273 0.498 3.051
0.754 0.023 2.614 0 0.834 4.186 0.539 1.557 6.225 10 0.762 4.075 3.288 3.002 1.978 0.323 0.589 2.921 1.808 3.995 1.954 3.165 2.385 2.726 0.876 1.396
3.052 5.647 3.828 1.249 4.386 0.695 0 6.584 3.022 0.453 10 2.606 4.041 4.636 3.934 2.788 1.364 4.932 4.353 2.065 3.659 4.626 3.428 4.547 0.75 2.962
1.785 1.971 4.138 1.093 2.307 5.62 0 3.366 6.456 4.077 2.848 10 3.945 3.949 3.327 1.197 0.936 3.853 3.142 6.127 4.115 5.017 4.618 3.693 1.128 2.72
2.081 1.278 2.802 1.738 2.465 0.375 0.77 4.005 3.144 0.505 1.843 1.431 10 7.322 4.268 2.462 2.111 5.778 1.431 2.047 4.335 4.698 4.368 3.276 0 0.621
3.994 3.34 4.928 3.4 3.991 0.272 2.457 6.293 3.122 0 2.582 1.35 7.294 10 6.529 4.081 3.528 7.271 3.419 2.323 5.529 5.57 4.056 3.282 1.312 2.189
6.803 5.757 7.229 5.702 6.943 0.66 4.595 4.776 3.146 0 2.684 1.68 4.949 6.972 10 6.018 5.716 5.867 6.632 3.553 6.632 5.927 5.243 4.119 3.209 5.337
5.404 4.886 5.131 4.285 5.158 0 3.69 4.185 2.277 0.151 2.897 1.038 4.577 5.784 6.748 10 4.622 5.323 4.879 2.426 6.023 4.857 4.333 2.971 3.548 4.092
5.456 3.874 5.3 5.118 5.014 0 7.394 3.743 1.954 0.665 1.711 1.007 4.469 5.507 6.591 4.759 10 4.637 4.615 2.332 5.966 4.262 4.313 2.852 5.691 3.815
3.085 2.756 5.686 2.882 5.38 1.296 1.56 4.266 3.511 0.255 3.25 1.535 5.892 7.371 5.435 3.674 2.557 10 3.7 2.611 4.276 5.76 2.886 3.517 0 3.346
6.534 3.237 6.655 3.294 6.905 0.749 2.113 1.98 2.689 0 3.329 1.625 2.606 4.378 6.701 3.858 3.373 4.413 10 3.742 4.234 4.594 2.681 3.983 0.708 5.533
2.922 1.65 5.064 1.947 3.164 5.594 0.51 2.122 5.69 3.318 1.455 5.689 3.744 4.022 4.244 1.719 1.398 4.027 4.296 10 3.356 4.172 3.798 3.738 0 4.04
5.707 4.337 5.161 4.928 4.383 0 3.429 4.594 3.334 0.263 2.575 2.877 5.154 6.214 6.73 5.272 5.079 4.968 4.284 2.775 10 6.55 7.384 3.953 5.033 3.65
3.495 2.191 5.194 1.998 3.94 0 0.203 2.868 3.742 0.178 2.528 2.837 4.614 5.545 5.305 2.738 1.686 5.574 3.637 2.474 5.903 10 4.665 4.116 1.792 2.493
3.237 3.261 3.886 3.06 2.605 0 1.505 3.529 3.223 0.353 1.944 3.179 4.957 4.731 5.166 2.947 2.737 3.453 2.405 2.94 7.261 5.297 10 3.321 3.625 1.649
3.113 1.174 4.265 1.265 3.619 1.088 0 2.353 3.945 1.468 3.811 2.601 4.425 4.487 4.467 1.9 1.548 4.476 4.219 3.4 4.14 5.197 3.816 10 0.301 5.227
4.31 3.44 4.397 4.158 3.382 0 6.866 3.371 2.482 1.991 2.143 2.21 3.795 4.663 5.218 4.436 6.187 3.623 3.319 2.112 6.397 4.987 5.583 2.741 10 2.552
4.298 2.271 6.001 2.688 5.874 0.762 1.201 1.531 2.719 0 2.085 1.536 2.295 3.647 5.652 3.253 2.752 4.381 5.747 3.775 3.901 3.928 2.338 5.27 0.138 10.0
SQUARE
 10 5.672 6.151 6.161 7.831 1.68 4.857 4.491 3.625 0 5.02 1.64 7.566 6.884 7.546 5.988 6.1 6.12 7.882 4.817 7.536 6.517 9.226 7.77 3.839 7.627
4.43 10 4.43 2.634 5.649 3.997 0.642 8.48 5.557 0 9.056 4.024 5.151 5.609 5.99 3.984 1.953 3.761 6.003 5.544 5.688 4.902 5.269 5.727 0.328 5.675
4.167 3.441 10 3.657 5.015 0.17 1.775 4.676 5.71 0 3.596 3.164 4.83 8.488 7.824 3.457 2.546 6.744 6.204 3.41 7.16 8.981 5.062 6.744 2.515 6.991
5.816 3.762 5.438 10 5.427 4.606 3.896 3.651 2.997 0 3.496 3.829 5.782 5.993 6.67 3.796 4.562 5.161 6.504 5.96 6.215 5.838 5.771 6.737 2.719 6.16
7.702 6.419 6.516 5.556 10 2.535 4.261 5.771 4.035 0 6.44 1.737 9.159 7.551 8.037 6.71 5.448 6.526 7.983 5.512 7.314 6.904 7.4 8.727 2.902 8.08
2.249 5.655 3.956 5.389 3.435 10 0.588 6.452 5.797 2.704 5.882 6.395 3.321 4.81 4.345 2.135 0.968 4.763 3.975 6.831 3.121 4.26 2.742 4.326 0 3.7
4.909 2.802 4.627 4.456 4.637 0 10 2.782 1.925 3.679 2.581 0.161 4.96 5.151 5.665 5.05 8.649 4.395 5.433 3.105 5.232 4.99 4.768 5.827 8.185 5.524
2.569 8.407 5.261 2.143 4.615 4.863 0.165 10 6.47 0.646 8.984 4.863 4.451 6.387 5.879 2.404 0.714 4.451 5.426 5.549 4.519 5.755 3.448 5.577 0 4.67
2.185 5.768 6.529 2.122 3.096 4.469 0 6.792 10 3.283 5.868 6.042 2.946 5.93 5.194 1.835 0.499 5.893 4.057 4.02 4.232 5.855 2.984 4.494 0.474 4.095
0 2.23 3.401 0.825 0.56 2.169 3.615 3.065 4.521 10 2.312 3.045 0.438 2.872 2.413 3.238 2.597 2.556 1.344 1.497 2.118 3.442 0.591 1.701 5 2.373
3.616 9.06 4.582 2.35 5.692 4.334 0.392 9.034 5.679 0.144 10 4.151 5.614 5.836 6.005 3.46 1.697 3.995 5.94 5.405 5.287 5.052 4.452 5.666 0 5.614
1.588 5.328 5.461 4.303 2.152 6.107 0 6.168 6.752 3.002 5.41 10 2.029 4.477 4.016 1.117 0.533 3.627 2.941 5.041 4.068 5.092 2.182 3.299 0.82 3.607
7.455 6.06 6.432 5.953 9.169 2.503 4.675 5.698 3.983 0 6.422 1.715 10 7.455 7.934 6.049 5.847 6.443 8.349 5.804 7.583 6.816 7.157 8.679 3.333 7.721
5.629 5.214 8.6 4.843 6.757 2.186 3.129 6.243 5.343 0 5.443 2.3 6.586 10 9.071 5.314 3.7 7.986 7.857 5.157 7.457 9.029 6.543 8.357 2.757 7.814
6.765 5.893 8.107 5.973 7.557 2 4.228 5.973 4.832 0 5.893 2.161 7.396 9.128 10 6.201 4.953 7.718 8.591 5.49 8.268 8.591 7.597 9.007 3.611 8.658
5.456 4.706 5.11 3.552 6.482 0.438 4.337 3.622 2.457 2.341 4.221 0 5.721 6.217 6.736 10 3.737 5.052 6.194 3.483 5.963 5.525 6.009 6.505 3.875 6.943
5.977 3.55 4.926 4.853 5.567 0 8.592 2.899 2.006 2.363 3.319 0.294 5.903 5.368 6.05 4.296 10 4.58 6.229 3.235 6.208 5.326 5.725 6.282 7.038 6.471
4.788 3.488 7.114 4.036 5.595 2.449 2.394 4.473 5.499 0 3.707 1.491 5.431 8.071 7.674 4.131 2.941 10 6.238 4.446 5.91 7.551 5.335 7.127 1.409 6.854
7.553 6.412 7.106 6.294 7.8 2.529 4.671 6.082 4.4 0 6.341 1.894 8.176 8.235 8.765 6.118 5.776 6.765 10 6.012 8.306 7.529 8.306 8.529 4.435 7.918
3.904 5.928 4.886 5.641 5.018 6 1.808 6.12 4.263 0 5.784 4.204 5.281 5.94 5.976 3.234 2.287 5.138 5.94 10 4.838 5.126 4.359 6.192 0.898 5.114
6.873 5.749 7.623 5.594 6.783 0.633 3.889 4.845 4.031 0 5.336 2.519 7.067 7.7 8.333 5.478 5.336 6.137 8.14 4.432 10 8.32 7.623 7.455 4.509 8.463
4.689 3.96 8.975 4.177 5.543 0.606 2.283 5.202 4.845 0 4.115 2.562 5.357 8.944 8.37 3.975 3.09 7.22 6.739 3.68 7.981 10 5.59 7.283 3.028 7.748
9.177 6.093 6.537 5.877 7.392 1.721 4.383 4.838 3.918 0 5.4 1.742 7.11 7.381 8.063 6.255 5.595 6.31 8.442 4.903 8.009 6.926 10 7.435 4.08 7.89
7.313 6 7.411 6.393 8.552 2.663 4.92 6.049 4.589 0 5.926 1.975 8.479 8.589 9.092 6.282 5.656 7.423 8.466 6.098 7.583 7.853 7.092 10 3.374 8.209
4.26 2.998 5.398 3.776 3.757 0 8.292 3.093 2.761 5.342 2.732 1.499 4.061 5.19 5.484 4.962 7.324 4.042 5.512 2.789 5.968 5.74 4.81 4.877 10 5.332
6.889 5.594 7.397 5.381 7.623 1.135 4.072 4.82 3.685 0 5.514 1.669 7.143 7.957 8.665 6.462 5.514 6.929 7.637 4.553 8.411 8.064 7.397 8.051 3.431 10.0
TIPS
 10 5.55 4.899 4.298 6.687 3.477 4.605 3.52 2.552 0 1.951 4.646 3.015 5.724 6.171 5.207 5.636 6.154 5.376 0.673 5.921 4.545 2.968 3.854 4.978 8.021
5.585 10 3.762 5.849 5.644 1.02 5.487 5.964 1.654 0.546 4.145 6.751 1.256 3.888 7.198 5.965 6.795 3.683 4.744 0.244 2.265 2.36 0 0.025 2.479 4.461
5.779 4.798 10 5.689 7.723 4.724 5.612 4.078 1.629 0 5.929 4.643 3.308 5.113 5.915 4.669 5.943 6.536 7.407 2.859 6.49 5.291 3.897 5.379 5.056 7.01
4.344 5.85 4.831 10 5.401 3.786 5.211 2.816 2.132 0.984 2.645 4.807 0 2.632 6.48 4.946 6.353 3.118 5.02 0.747 3.475 3.331 0.842 0.382 2.908 3.418
7.287 6.404 7.746 6.203 10 3.881 7.093 5.731 1.668 0 4.935 6.087 4.598 6.617 7.74 6.253 7.721 6.225 6.728 1.179 4.976 3.951 2.11 3.766 3.975 7.625
3.029 0.328 3.186 3.306 2.016 10 0 1.623 4.902 0.793 2.576 3.827 1.325 2.657 0.824 0.051 0.906 5.011 4.028 4.302 3.664 2.87 1.28 3.94 2.664 4.495
5.701 6.376 5.774 6.153 7.172 2.543 10 3.969 1.299 2.646 3.427 4.962 2.523 4.395 7.163 7.925 8.229 4.91 6.035 0 4.151 3.97 1.729 2.216 6.497 5.403
5.102 6.925 4.59 4.526 6.06 4.074 4.279 10 3.827 0.844 7.6 7.308 6.129 7.457 4.873 3.993 4.687 5.541 5.435 2.363 2.338 1.124 0 4.638 1.923 5.29
3.652 2.83 1.377 3.24 1.329 5.933 0.694 3.039 10 5.179 2.944 4.711 0.606 1.668 0.616 0 0.782 3.323 3.05 6.182 4.408 3.139 2.204 2.796 3.169 3.175
3.371 3.683 1.988 3.975 1.906 4.288 3.882 1.97 6.25 10 2.192 4.068 0 0.826 2.251 3.418 2.711 2.159 2.354 5.936 4.585 4.574 3.36 1.684 5.676 3.017
3.166 4.989 5.822 3.704 4.749 4.101 2.996 7.304 2.97 0 10 5.452 4.243 5.891 2.622 1.626 2.986 5.699 5.961 2.731 3.34 1.978 0.715 5.91 2.875 4.719
5.161 7.04 4.148 5.268 5.682 4.778 4.285 6.781 4.391 1.912 5.158 10 3.321 4.467 4.804 3.752 5.171 4.392 4.307 3.679 2.438 1.344 0 1.662 1.849 5.238
5.37 4.157 4.638 3.317 5.627 4.618 3.779 6.605 2.693 0 5.505 5.101 10 8.125 4.396 3.933 4.19 5.992 5.301 1.332 2.864 1.799 0.814 6.214 2.5 5.453
6.91 5.548 5.731 4.632 7.015 5.034 4.917 7.569 2.935 0 6.502 5.577 7.956 10 5.792 5.27 5.472 7.507 6.683 1.452 4.138 2.978 1.903 6.595 3.598 6.961
6.816 7.652 5.895 7.05 7.706 2.861 7.041 4.361 0.847 0.283 2.776 5.221 2.972 5.16 10 8.198 8.725 4.794 6.078 0 4.109 5.343 2.651 1.707 4.023 5.646
6.241 6.811 4.948 6.004 6.412 2.699 7.958 3.768 0.799 2.215 2.266 4.579 2.823 4.867 8.3 10 7.76 4.523 5.354 0 3.866 4.568 2.255 1.61 5.663 5.255
6.312 7.27 5.856 6.893 7.648 2.809 8.122 4.06 0.861 0.709 3.019 5.486 2.594 4.705 8.704 7.586 10 4.873 6.133 0 4.176 4.784 2.294 1.735 4.753 5.729
6.748 4.617 6.461 4.135 6.104 6.053 4.6 5.012 3.377 0 5.718 4.755 4.889 7.083 4.706 4.095 4.871 10 8.222 2.204 6.01 4.653 3.395 6.86 5.223 7.659
5.991 5.407 7.283 5.647 6.537 5.155 5.686 4.764 2.931 0 5.876 4.54 3.855 6.021 5.909 4.863 6.033 8.177 10 1.35 5.537 4.782 3.48 5.442 5.252 6.679
2.866 2.479 3.399 2.865 1.762 5.922 0.402 2.272 6.574 5.311 3.452 4.651 0 0.953 0.799 0.247 0.949 2.947 2.369 10 5.109 4.349 4.73 2.763 3.296 3.527
6.211 2.758 6.059 3.89 4.301 4.492 3.182 0.583 3.905 2.412 2.714 2.228 0 2.464 3.416 2.734 3.598 5.616 5.218 4.06 10 8.401 6.619 5.249 6.804 6.02
5.59 3.774 5.399 4.565 4.029 4.606 3.882 0.507 3.492 3.384 2.362 2.259 0 2.145 5.471 4.4 5.01 4.887 5.134 4.027 8.609 10 7.285 4.568 6.91 5.423
4.926 2.726 4.677 3.338 3.048 4.111 2.51 0.453 3.399 2.772 2.108 2.016 0 1.914 3.62 2.873 3.419 4.363 4.573 5.027 7.374 7.576 10 4.121 5.525 4.777
5.1 1.984 5.547 2.271 3.931 5.479 2.212 4.344 3.261 0 6.16 2.646 5.447 6.243 2.047 1.471 2.202 7.039 5.808 2.457 5.923 4.643 3.505 10 4.908 6.103
5.561 3.299 4.718 3.68 3.497 3.931 6.115 0.555 2.916 4.235 2.582 2.029 0 2.168 3.645 5.112 4.511 5.005 5.159 2.251 6.959 6.621 4.519 4.354 10 5.511
8.122 4.7 6.569 3.701 7.247 5.109 4.523 4.085 2.397 0 4.095 4.998 3.489 6.008 5.028 4.255 5.202 7.372 6.363 1.965 5.932 4.626 3.129 5.36 5.179 10.0
CLOSURE
 10 10 0 10 10 0 10 0 0 0 0 0 0 0 10 10 10 0 0 0 0 0 0 0 0 0
10 10 0 10 10 0 10 0 0 0 0 0 0 0 10 10 10 0 0 0 0 0 0 0 0 0
0 0 10 0 0 10 0 10 10 10 10 10 10 10 0 0 0 10 10 10 10 10 10 10 10 10
10 10 0 10 10 0 10 0 0 0 0 0 0 0 10 10 10 0 0 0 0 0 0 0 0 0
10 10 0 10 10 0 10 0 0 0 0 0 0 0 10 10 10 0 0 0 0 0 0 0 0 0
0 0 10 0 0 10 0 10 10 10 10 10 10 10 0 0 0 10 10 10 10 10 10 10 10 10
10 10 0 10 10 0 10 0 0 0 0 0 0 0 10 10 10 0 0 0 0 0 0 0 0 0
0 0 10 0 0 10 0 10 10 10 10 10 10 10 0 0 0 10 10 10 10 10 10 10 10 10
0 0 10 0 0 10 0 10 10 10 10 10 10 10 0 0 0 10 10 10 10 10 10 10 10 10
0 0 10 0 0 10 0 10 10 10 10 10 10 10 0 0 0 10 10 10 10 10 10 10 10 10
0 0 10 0 0 10 0 10 10 10 10 10 10 10 0 0 0 10 10 10 10 10 10 10 10 10
0 0 10 0 0 10 0 10 10 10 10 10 10 10 0 0 0 10 10 10 10 10 10 10 10 10
0 0 10 0 0 10 0 10 10 10 10 10 10 10 0 0 0 10 10 10 10 10 10 10 10 10
0 0 10 0 0 10 0 10 10 10 10 10 10 10 0 0 0 10 10 10 10 10 10 10 10 10
10 10 0 10 10 0 10 0 0 0 0 0 0 0 10 10 10 0 0 0 0 0 0 0 0 0
10 10 0 10 10 0 10 0 0 0 0 0 0 0 10 10 10 0 0 0 0 0 0 0 0 0
10 10 0 10 10 0 10 0 0 0 0 0 0 0 10 10 10 0 0 0 0 0 0 0 0 0
0 0 10 0 0 10 0 10 10 10 10 10 10 10 0 0 0 10 10 10 10 10 10 10 10 10
0 0 10 0 0 10 0 10 10 10 10 10 10 10 0 0 0 10 10 10 10 10 10 10 10 10
0 0 10 0 0 10 0 10 10 10 10 10 10 10 0 0 0 10 10 10 10 10 10 10 10 10
0 0 10 0 0 10 0 10 10 10 10 10 10 10 0 0 0 10 10 10 10 10 10 10 10 10
0 0 10 0 0 10 0 10 10 10 10 10 10 10 0 0 0 10 10 10 10 10 10 10 10 10
0 0 10 0 0 10 0 10 10 10 10 10 10 10 0 0 0 10 10 10 10 10 10 10 10 10
0 0 10 0 0 10 0 10 10 10 10 10 10 10 0 0 0 10 10 10 10 10 10 10 10 10
0 0 10 0 0 10 0 10 10 10 10 10 10 10 0 0 0 10 10 10 10 10 10 10 10 10
0 0 10 0 0 10 0 10 10 10 10 10 10 10 0 0 0 10 10 10 10 10 10 10 10 10
ASCENDER
 10 0 10 0 10 0 10 0 0 0 0 0 10 10 10 10 10 10 10 0 10 10 10 10 10 10
0 10 0 10 0 10 0 10 10 10 10 10 0 0 0 0 0 0 0 10 0 0 0 0 0 0
10 0 10 0 10 0 10 0 0 0 0 0 10 10 10 10 10 10 10 0 10 10 10 10 10 10
0 10 0 10 0 10 0 10 10 10 10 10 0 0 0 0 0 0 0 10 0 0 0 0 0 0
10 0 10 0 10 0 10 0 0 0 0 0 10 10 10 10 10 10 10 0 10 10 10 10 10 10
0 10 0 10 0 10 0 10 10 10 10 10 0 0 0 0 0 0 0 10 0 0 0 0 0 0
10 0 10 0 10 0 10 0 0 0 0 0 10 10 10 10 10 10 10 0 10 10 10 10 10 10
0 10 0 10 0 10 0 10 10 10 10 10 0 0 0 0 0 0 0 10 0 0 0 0 0 0
0 10 0 10 0 10 0 10 10 10 10 10 0 0 0 0 0 0 0 10 0 0 0 0 0 0
0 10 0 10 0 10 0 10 10 10 10 10 0 0 0 0 0 0 0 10 0 0 0 0 0 0
0 10 0 10 0 10 0 10 10 10 10 10 0 0 0 0 0 0 0 10 0 0 0 0 0 0
0 10 0 10 0 10 0 10 10 10 10 10 0 0 0 0 0 0 0 10 0 0 0 0 0 0
10 0 10 0 10 0 10 0 0 0 0 0 10 10 10 10 10 10 10 0 10 10 10 10 10 10
10 0 10 0 10 0 10 0 0 0 0 0 10 10 10 10 10 10 10 0 10 10 10 10 10 10
10 0 10 0 10 0 10 0 0 0 0 0 10 10 10 10 10 10 10 0 10 10 10 10 10 10
10 0 10 0 10 0 10 0 0 0 0 0 10 10 10 10 10 10 10 0 10 10 10 10 10 10
10 0 10 0 10 0 10 0 0 0 0 0 10 10 10 10 10 10 10 0 10 10 10 10 10 10
10 0 10 0 10 0 10 0 0 0 0 0 10 10 10 10 10 10 10 0 10 10 10 10 10 10
10 0 10 0 10 0 10 0 0 0 0 0 10 10 10 10 10 10 10 0 10 10 10 10 10 10
0 10 0 10 0 10 0 10 10 10 10 10 0 0 0 0 0 0 0 10 0 0 0 0 0 0
10 0 10 0 10 0 10 0 0 0 0 0 10 10 10 10 10 10 10 0 10 10 10 10 10 10
10 0 10 0 10 0 10 0 0 0 0 0 10 10 10 10 10 10 10 0 10 10 10 10 10 10
10 0 10 0 10 0 10 0 0 0 0 0 10 10 10 10 10 10 10 0 10 10 10 10 10 10
10 0 10 0 10 0 10 0 0 0 0 0 10 10 10 10 10 10 10 0 10 10 10 10 10 10
10 0 10 0 10 0 10 0 0 0 0 0 10 10 10 10 10 10 10 0 10 10 10 10 10 10
10 0 10 0 10 0 10 0 0 0 0 0 10 10 10 10 10 10 10 0 10 10 10 10 10 10
DECENDER
 10 10 10 10 10 10 0 10 10 0 10 10 10 10 10 0 0 10 10 10 10 10 10 10 0 10
10 10 10 10 10 10 0 10 10 0 10 10 10 10 10 0 0 10 10 10 10 10 10 10 0 10
10 10 10 10 10 10 0 10 10 0 10 10 10 10 10 0 0 10 10 10 10 10 10 10 0 10
10 10 10 10 10 10 0 10 10 0 10 10 10 10 10 0 0 10 10 10 10 10 10 10 0 10
10 10 10 10 10 10 0 10 10 0 10 10 10 10 10 0 0 10 10 10 10 10 10 10 0 10
10 10 10 10 10 10 0 10 10 0 10 10 10 10 10 0 0 10 10 10 10 10 10 10 0 10
0 0 0 0 0 0 10 0 0 10 0 0 0 0 0 10 10 0 0 0 0 0 0 0 10 0
10 10 10 10 10 10 0 10 10 0 10 10 10 10 10 0 0 10 10 10 10 10 10 10 0 10
10 10 10 10 10 10 0 10 10 0 10 10 10 10 10 0 0 10 10 10 10 10 10 10 0 10
0 0 0 0 0 0 10 0 0 10 0 0 0 0 0 10 10 0 0 0 0 0 0 0 10 0
10 10 10 10 10 10 0 10 10 0 10 10 10 10 10 0 0 10 10 10 10 10 10 10 0 10
10 10 10 10 10 10 0 10 10 0 10 10 10 10 10 0 0 10 10 10 10 10 10 10 0 10
10 10 10 10 10 10 0 10 10 0 10 10 10 10 10 0 0 10 10 10 10 10 10 10 0 10
10 10 10 10 10 10 0 10 10 0 10 10 10 10 10 0 0 10 10 10 10 10 10 10 0 10
10 10 10 10 10 10 0 10 10 0 10 10 10 10 10 0 0 10 10 10 10 10 10 10 0 10
0 0 0 0 0 0 10 0 0 10 0 0 0 0 0 10 10 0 0 0 0 0 0 0 10 0
0 0 0 0 0 0 10 0 0 10 0 0 0 0 0 10 10 0 0 0 0 0 0 0 10 0
10 10 10 10 10 10 0 10 10 0 10 10 10 10 10 0 0 10 10 10 10 10 10 10 0 10
10 10 10 10 10 10 0 10 10 0 10 10 10 10 10 0 0 10 10 10 10 10 10 10 0 10
10 10 10 10 10 10 0 10 10 0 10 10 10 10 10 0 0 10 10 10 10 10 10 10 0 10
10 10 10 10 10 10 0 10 10 0 10 10 10 10 10 0 0 10 10 10 10 10 10 10 0 10
10 10 10 10 10 10 0 10 10 0 10 10 10 10 10 0 0 10 10 10 10 10 10 10 0 10
10 10 10 10 10 10 0 10 10 0 10 10 10 10 10 0 0 10 10 10 10 10 10 10 0 10
10 10 10 10 10 10 0 10 10 0 10 10 10 10 10 0 0 10 10 10 10 10 10 10 0 10
0 0 0 0 0 0 10 0 0 10 0 0 0 0 0 10 10 0 0 0 0 0 0 0 10 0
10 10 10 10 10 10 0 10 10 0 10 10 10 10 10 0 0 10 10 10 10 10 10 10 0 10
