10.0
0
5.208
7.458
1.042
2.0
7.708
1.042
5.208
5.208
2.333
5.208
3.771
4.458
5.208
0.333
7.75
3.417
5.208
2.333
7.708
5.208
3.646
5.208
8.0
5.208
0.323
10.0
4.96
0
7.298
3.629
0.645
8.992
4.96
4.96
5.484
4.96
5.383
5.685
4.96
4.758
0.766
6.694
4.96
3.952
2.54
4.96
2.319
3.589
1.331
4.96
4.25
3.75
10.0
3.85
5.0
0
4.65
5.0
10.0
10.0
0.35
10.0
2.125
8.2
10.0
4.15
4.8
7.85
10.0
0.8
7.0
10.0
2.625
0.8
5.5
10.0
7.54
0
5.04
10.0
1.008
3.79
5.323
1.008
5.04
5.04
1.935
5.04
4.617
4.315
5.04
0.323
5.363
3.306
5.04
4.113
7.218
5.04
2.238
3.508
5.685
5.04
0.359
6.996
5.516
0
10.0
1.031
0.717
7.489
5.516
5.516
4.978
5.516
4.596
6.323
5.516
7.175
0.852
7.444
5.516
1.749
2.825
5.516
4.238
4.529
1.48
5.516
3.589
4.725
3.322
4.858
3.322
10.0
1.753
5.192
3.322
3.322
3.055
3.322
6.477
3.923
3.322
1.219
1.786
3.322
3.322
9.466
3.322
3.322
0
3.322
2.053
3.322
7.773
0.607
5.668
5.304
1.619
0
10.0
1.619
5.668
5.668
2.794
5.668
2.773
4.575
5.668
0.931
9.595
3.927
5.668
0.648
8.097
5.668
5.445
4.372
9.312
5.668
0.359
8.879
5.516
0
7.489
3.543
0.717
10.0
5.516
5.516
4.35
5.516
5.987
6.323
5.516
4.664
0.852
7.444
5.516
3.901
2.825
5.516
1.951
3.363
1.48
5.516
4.25
3.75
10.0
3.85
5.0
0
4.65
5.0
10.0
10.0
0.35
10.0
2.125
8.2
10.0
4.15
4.8
7.85
10.0
0.8
7.0
10.0
2.625
0.8
5.5
10.0
4.25
3.75
10.0
3.85
5.0
0
4.65
5.0
10.0
10.0
0.35
10.0
2.125
8.2
10.0
4.15
4.8
7.85
10.0
0.8
7.0
10.0
2.625
0.8
5.5
10.0
1.154
4.615
0.721
0.385
4.615
0
1.442
3.942
0.721
0.721
10.0
0.721
4.303
2.019
0.721
2.885
1.298
2.788
0.721
0.385
3.606
0.721
2.572
6.683
1.875
0.721
4.25
3.75
10.0
3.85
5.0
0
4.65
5.0
10.0
10.0
0.35
10.0
2.125
8.2
10.0
4.15
4.8
7.85
10.0
0.8
7.0
10.0
2.625
0.8
5.5
10.0
2.294
4.098
1.881
3.119
3.789
4.562
0.799
5.387
1.881
1.881
3.892
1.881
10.0
3.737
1.881
0.541
0.851
3.789
1.881
5.387
3.222
1.881
0
3.789
1.263
1.881
2.692
4.121
8.022
2.253
5.495
0
2.637
5.495
8.022
8.022
0.879
8.022
3.324
10.0
8.022
4.286
3.022
8.132
8.022
0.879
5.22
8.022
2.72
0.879
3.571
8.022
4.25
3.75
10.0
3.85
5.0
0
4.65
5.0
10.0
10.0
0.35
10.0
2.125
8.2
10.0
4.15
4.8
7.85
10.0
0.8
7.0
10.0
2.625
0.8
5.5
10.0
1.179
5.057
5.551
0.875
7.605
0
1.483
5.475
5.551
5.551
4.373
5.551
3.023
6.046
5.551
10.0
1.597
7.186
5.551
0.608
3.27
5.551
5.722
3.954
2.129
5.551
7.805
0.691
5.772
5.325
1.707
0
9.593
1.707
5.772
5.772
2.642
5.772
2.785
4.837
5.772
1.016
10.0
4.024
5.772
0.65
7.967
5.772
5.589
4.228
9.431
5.772
2.1
5.9
7.85
1.7
7.15
0
2.5
7.15
7.85
7.85
2.5
7.85
3.975
8.3
7.85
6.3
2.65
10.0
7.85
0.8
4.85
7.85
3.825
2.95
3.35
7.85
4.25
3.75
10.0
3.85
5.0
0
4.65
5.0
10.0
10.0
0.35
10.0
2.125
8.2
10.0
4.15
4.8
7.85
10.0
0.8
7.0
10.0
2.625
0.8
5.5
10.0
3.51
4.709
3.51
4.85
3.51
9.436
1.852
5.203
3.51
3.51
2.945
3.51
6.843
4.145
3.51
1.287
1.887
3.51
3.51
10.0
3.51
3.51
0
3.51
2.169
3.51
7.25
0.75
7.0
6.55
2.0
0
7.65
2.0
7.0
7.0
3.35
7.0
3.425
5.65
7.0
1.15
7.5
4.85
7.0
0.8
10.0
7.0
3.825
3.8
8.1
7.0
4.25
3.75
10.0
3.85
5.0
0
4.65
5.0
10.0
10.0
0.35
10.0
2.125
8.2
10.0
4.15
4.8
7.85
10.0
0.8
7.0
10.0
2.625
0.8
5.5
10.0
4.908
3.639
5.075
3.573
5.71
0
6.244
4.007
5.075
5.075
4.841
5.075
3.523
5.576
5.075
6.244
6.377
5.876
5.075
0.534
5.876
5.075
10.0
5.442
6.511
5.075
4.25
2.05
0.8
1.95
3.9
0
3.05
2.6
0.8
0.8
6.55
0.8
3.975
1.7
0.8
2.05
2.9
2.95
0.8
0.8
3.8
0.8
3.175
10.0
3.4
0.8
7.983
0.966
6.218
5.504
2.017
0
9.286
2.017
6.218
6.218
2.899
6.218
2.878
5.084
6.218
1.303
9.412
4.412
6.218
0.672
8.403
6.218
5.609
4.454
10.0
6.218
4.25
3.75
10.0
3.85
5.0
0
4.65
5.0
10.0
10.0
0.35
10.0
2.125
8.2
10.0
4.15
4.8
7.85
10.0
0.8
7.0
10.0
2.625
0.8
5.5
10.0