a 0 0 0 0.23 0 1 0 0.92 0 0.15 0 0
b 0 0 0.67 0 1.25 0 0.58 0 0 0 0 0
c 0 0 0 0 0 0 0 0 0 0 0 0
d 0 0 0 0.69 0 1.23 0 0.54 0 0 0 0
e 0 0 0.19 0 0.81 0 0.81 0 0.19 0 0 0
f 0 0 1 1 1 1 0 0 0 0 0 0
g 0 0 0 0 0 0.6 0 1.07 0 0.47 0 0
h 0 0 0.56 0 1 0 0.44 0 0 0 0 0
i 0 0 0 0 0 0 0 0 0 0 0 0
j 0 0 0 0 0 0 0 0 0 0 0 0
k 0 0 0.23 0 1.31 0.62 1.08 0.62 0 0 0 0
l 0 0 0 0 0 0 0 0 0 0 0 0
m 0 0 0.47 0.47 0.84 0.74 0.37 0.26 0 0 0 0
n 0 0 0.09 0.09 0.27 0.09 0.18 0 0 0 0 0
o 0 0 0 0 0 0 0 0 0 0 0 0
p 0 0 0.04 0 0.5 0 1.13 0 0.67 0 0 0
q 0 0 0 0.04 0 0.54 0 1 0 0.5 0 0
r 0 0 0 0 0.43 0 0.43 0 0 0 0 0
s 0 0 0 0 0 0 0 0 0 0 0 0
t 0 0 0.92 0.92 0.92 0.92 0 0 0 0 0 0
u 0 0 0 0 0 0.6 0 0.6 0 0 0 0
v 0 0 0 0 0 0 0 0 0 0 0 0
w 0 0 0 0 0.24 0.24 0.76 0.71 0.52 0.48 0 0
x 0 0 0 0 0.92 0.92 0.92 0.92 0 0 0 0
y 0 0 0 0 0 0.52 0 0.9 0 0.38 0 0
z 0 0 0 0 0 0 0 0 0 0 0 0
