0
3.695
4.236
4.735
2.751
5.417
4.48
5.381
6.185
8.304
6.684
4.446
5.8
3.551
3.18
3.98
3.624
3.194
3.84
7.745
3.387
4.53
5.839
5.104
4.17
1.643
3.695
0
5.221
3.474
3.646
7.516
3.777
3.378
6.986
7.913
4.901
2.719
7.319
5.116
2.345
3.377
2.683
5.287
4.399
8.166
6.474
6.395
8.37
8.349
6.295
4.636
4.236
5.221
0
4.327
2.285
5.295
4.404
5.943
8.401
10.036
4.086
5.376
6.716
4.905
4.1
5.35
4.072
3.476
2.602
7.167
3.523
4.726
6.125
4.638
4.962
3.001
4.735
3.474
4.327
0
3.85
5.202
4.009
6.014
6.586
7.547
6.157
4.347
8.371
6.168
2.947
4.231
3.053
5.761
4.169
7.746
5.462
5.583
7.666
8.051
5.937
5.51
2.751
3.646
2.285
3.85
0
6.204
2.947
4.328
8.448
10.139
5.135
3.967
5.477
3.43
2.291
3.799
2.311
3.827
3.317
8.944
5.094
6.133
8.0
6.321
6.109
2.408
5.417
7.516
5.295
5.202
6.204
0
7.771
6.51
3.962
7.155
5.769
4.797
6.741
5.706
7.131
7.731
7.067
3.877
4.641
4.428
4.924
5.541
6.776
4.709
5.701
4.278
4.48
3.777
4.404
4.009
2.947
7.771
0
6.285
9.067
7.664
6.85
5.25
7.792
5.841
2.956
2.162
1.846
5.304
4.132
10.421
6.095
6.284
8.619
8.112
3.65
4.791
5.381
3.378
5.943
6.014
4.328
6.51
6.285
0
6.782
10.059
2.637
2.957
4.253
2.794
5.633
6.599
5.837
4.899
5.015
8.39
8.418
9.751
10.986
5.891
8.873
5.174
6.185
6.986
8.401
6.586
8.448
3.962
9.067
6.782
0
4.697
6.875
5.153
9.153
8.118
9.143
9.743
8.981
6.505
6.771
3.72
5.448
6.685
7.596
7.019
6.655
6.65
8.304
7.913
10.036
7.547
10.139
7.155
7.664
10.059
4.697
0
9.78
7.43
12.526
11.491
9.706
8.244
9.13
9.822
9.578
5.091
6.783
6.796
8.317
10.416
5.416
8.747
6.684
4.901
4.086
6.157
5.135
5.769
6.85
2.637
6.875
9.78
0
4.448
5.63
4.019
7.216
8.19
6.86
4.206
3.95
7.109
6.513
7.846
9.081
4.0
6.968
5.165
4.446
2.719
5.376
4.347
3.967
4.797
5.25
2.957
5.153
7.43
4.448
0
6.136
5.083
4.774
5.74
4.436
5.152
5.23
5.807
6.947
7.952
9.187
7.66
7.488
4.375
5.8
7.319
6.716
8.371
5.477
6.741
7.792
4.253
9.153
12.526
5.63
6.136
0
2.349
7.02
7.6
7.278
5.02
5.886
10.857
8.939
10.272
11.507
4.742
9.394
5.695
3.551
5.116
4.905
6.168
3.43
5.706
5.841
2.794
8.118
11.491
4.019
5.083
2.349
0
4.835
5.435
5.203
2.865
3.811
9.822
6.736
8.069
9.304
3.913
7.357
3.492
3.18
2.345
4.1
2.947
2.291
7.131
2.956
5.633
9.143
9.706
7.216
4.774
7.02
4.835
0
1.8
1.274
5.2
3.918
9.989
5.885
4.652
7.341
8.284
5.97
4.349
3.98
3.377
5.35
4.231
3.799
7.731
2.162
6.599
9.743
8.244
8.19
5.74
7.6
5.435
1.8
0
2.372
5.8
4.92
10.589
6.495
5.752
8.201
8.884
4.592
5.025
3.624
2.683
4.072
3.053
2.311
7.067
1.846
5.837
8.981
9.13
6.86
4.436
7.278
5.203
1.274
2.372
0
5.038
3.8
9.827
5.723
5.126
7.573
8.122
5.156
4.197
3.194
5.287
3.476
5.761
3.827
3.877
5.304
4.899
6.505
9.822
4.206
5.152
5.02
2.865
5.2
5.8
5.038
0
1.746
7.657
3.919
5.252
6.487
3.084
4.692
2.299
3.84
4.399
2.602
4.169
3.317
4.641
4.132
5.015
6.771
9.578
3.95
5.23
5.886
3.811
3.918
4.92
3.8
1.746
0
8.285
4.275
4.998
6.245
4.366
4.548
3.181
7.745
8.166
7.167
7.746
8.944
4.428
10.421
8.39
3.72
5.091
7.109
5.807
10.857
9.822
9.989
10.589
9.827
7.657
8.285
0
5.31
6.135
5.722
7.857
7.279
7.028
3.387
6.474
3.523
5.462
5.094
4.924
6.095
8.418
5.448
6.783
6.513
6.947
8.939
6.736
5.885
6.495
5.723
3.919
4.275
5.31
0
1.429
3.022
4.247
2.857
3.558
4.53
6.395
4.726
5.583
6.133
5.541
6.284
9.751
6.685
6.796
7.846
7.952
10.272
8.069
4.652
5.752
5.126
5.252
4.998
6.135
1.429
0
2.789
5.58
3.174
4.701
5.839
8.37
6.125
7.666
8.0
6.776
8.619
10.986
7.596
8.317
9.081
9.187
11.507
9.304
7.341
8.201
7.573
6.487
6.245
5.722
3.022
2.789
0
6.765
5.149
6.01
5.104
8.349
4.638
8.051
6.321
4.709
8.112
5.891
7.019
10.416
4.0
7.66
4.742
3.913
8.284
8.884
8.122
3.084
4.366
7.857
4.247
5.58
6.765
0
5.304
4.059
4.17
6.295
4.962
5.937
6.109
5.701
3.65
8.873
6.655
5.416
6.968
7.488
9.394
7.357
5.97
4.592
5.156
4.692
4.548
7.279
2.857
3.174
5.149
5.304
0
4.217
1.643
4.636
3.001
5.51
2.408
4.278
4.791
5.174
6.65
8.747
5.165
4.375
5.695
3.492
4.349
5.025
4.197
2.299
3.181
7.028
3.558
4.701
6.01
4.059
4.217
0
