Chez Scheme Transcript [Sun Oct 31 17:52:27 1999]
>>>> *scratchspace*
((h (14 17 20 23 6 37 22 25)
    (49.856)
    ((14 17 20 23 6 37 22 25)
     (14 17 20 23 6 37 22 25)
     (14 17 20 23 6 37 22 25)
     (14 17 20 23 25 22 47)
     (14 17 20 23 6 37 22 25)
     (4 5 22 25 23 20 17 14)
     (25 22 5 23 20 17 14)
     (14 17 20 23 6 37 22 25)
     (14 17 20 23 6 37 22 25)
     (25 22 5 17 20 23 26)
     (23 6 24 9 28 11 10 29 25 22 5 4)
     (14 17 20 23 6 37 22 25)
     ())
    11)
 (t (5 4 18 21 6 23)
    (62.226)
    ((51 7 49 4 34 2 37 6)
     (18 21 6 50 9 38 37)
     (18 21 38 8 9 25 36 5)
     (18 21 38 26 10 11 28 5 36)
     (18 21 6 23 8 9)
     (7 51 9 8 26 10 11 31 13 12 6 37)
     (46 49 7 6 23 8 9 5 4)
     (4 20 6 24 39 25 51 7 22 19 3 2)
     (51 7 49 4 34 2 36 5)
     (18 21 6 23 26 10 11 4 5)
     (4 5 18 21 6 23 8 9)
     (36 5 37 51 7 22 19 3)
     ())
    11)
 (r (4 5 22 20 23)
    (61.369)
    ((37 6 23)
     (37 6 23)
     (23 6 37)
     (37 6 23)
     (49 46 2 20 23)
     (37 6 23)
     (5 4 48 23)
     (37 6 23)
     (20 23 4 5 22)
     (22 7 23 20)
     (37 6 23)
     ())
    10)
 (n (36 5 22 25 23)
    (67.874)
    ((23 39 22 5 4)
     (23 25 22 5 4)
     (23 4 5 22 25)
     (23 25 22 5 4)
     (25 22 5 20 23)
     (39 22 5 4 23)
     (25 22 37 24 36 23)
     (25 22 5 20 23)
     (23 39 22 5 4)
     (23 4 5 22 25)
     (25 49 21 24 23 20)
     (23 4 5 22 25)
     ())
    10)
 (a (4 5 22 25 9 50 6 7)
    (49.693)
    ((20 23 8 9 25 7 48 22 5)
     (20 23 8 9 25 7 48 22 5)
     (23 6 7 25 22 5 4)
     (20 23 8 9 25 7 48 22 5)
     (20 23 8 9 25 7 48 22 5)
     (4 5 22 25)
     (20 23 8 9 25 7 48 22 5)
     (20 23 8 9 25 7 48 22 5)
     ())
    7)
 (y (22 25 28 31 55 10 20 23 38 7)
    (63.202)
    ((20 23 8 9 41 51 21 35 19 22 39 40 29 12)
     (22 25 28 31 55 10 20 23 38 7)
     (37 5 36 20 34 3 45 0 14 39 8 23)
     (22 25 28 43 12 23 8 9)
     (22 25 28 43 12 21 51)
     (22 25 28 31 55 10 20 23 38 7)
     (22 25 28 31 55 10 20 23 38 7)
     ())
    4)
 (j (22 25 28 43 12 3)
    (65.988)
    ((42 41 51 21 3)
     (22 25 41 10 26 23 50 24)
     (22 25 41 10 26 23 16)
     (3 10 11 28 51 21 5 22 39 50)
     (22 25 28 43 12)
     (22 25 28 43 12 16)
     (16 42 41 51 21)
     (22 25 28 43 12)
     (42 41 51 21 19)
     ())
    8)
 (c (9 8 23 20)
    (99.271)
    ((9 8 23 20)
     (5 4 20 23)
     (9 8 23 20)
     (9 8 23 20)
     (9 8 23 20)
     (41 10 26 23 20)
     (49 4 20 23)
     (8 23 20 34 47)
     ())
    6)
 (p (29 26 23 20 6 51 25 22 5 4)
    (61.376)
    ((29 10 30 13 31 53 24 5 22 25 9 8 23 20)
     (29 26 23 20 6 51 25 22 5 4)
     (29 26 23 36 20 17 2 47 22 25)
     (23 26 29 50 9 25 22 5 4)
     (29 26 23 20 6 51 25 22 5 4)
     (20 23 26 29 52 11 28 25 22 5 4)
     (29 26 23 20 6 51 25 22 5 4)
     (26 29 12 20 4 5 22 25 41)
     (23 26 29 36 5 22 25 28 11 10)
     (29 26 23 20 6 51 25 22 5 4)
     (38 24 9 25 22 5 35 29 26 23)
     (29 26 23 20 6 51 25 22 5 4)
     (29 26 23 20 6 51 25 22 5 4)
     ())
    12)
 (k (6 7 22 23 20 17 14 50 9)
    (63.624)
    ((5 36 7 38)
     (23 20 17 14 6 37 9 39)
     (39 23 20 17 14 36 5)
     (6 37 23 26 10 50 20 17)
     (5 4 48 23 20 17 14 50 9)
     (39 14 17 20 23 6 37)
     (5 4 14 17 20 23 9 24)
     (4 5 17 20 23 39)
     (5 4 34 3 39 50 17 48 21 18 44 0)
     (5 4 48 23 20 17 14 50 9)
     ())
    9)
 (m (37 22 25 24 48 38)
    (95.262)
    ((38 24 48 25 49)
     (23 36 24 48 37 22 25)
     (5 37 51 23 20 49 25 9)
     (36 6 38 5 22 25 24 21 4)
     (25 22 5 18 4 21 24 20 23)
     (24 25 49 23 20)
     (23 25 22 5 48 24)
     (24 48 17 14 20 23 37 22 25)
     (25 22 47 20 50 38 21)
     (36 4 48 24 23 8 37 22 25)
     ())
    7)
 (x (37 38 6 51)
    (72.094)
    ((51 48 37 38)
     (21 51 37 38)
     (37 38 49 25)
     (24 21 5 22 25 28 11 10 48 51)
     (51 48 37 38)
     (51 48 38 37)
     (37 38 51 48)
     ())
    6)
 (q (9 8 23 20 4 5 22 25 28 31)
    (55.638)
    ((31 28 25 22 7 38 23 20 4 5)
     (31 28 25 22 7 38 23 20 4 5)
     (31 28 25 22 7 38 23 20 4 5)
     (31 28 25 22 7 38 23 20 4 5)
     (31 28 25 22 7 38 23 20 4 5)
     (20 4 21 38 8 39 31 28 25 22)
     (31 28 25 22 7 38 23 20 4 5)
     (41 10 26 23 20)
     (31 28 25 22 7 38 23 20 4 5)
     (20 4 21 38 8 39 31 28 25 22)
     (31 28 25 22 7 38 23 20 4 5)
     (31 28 25 22 7 38 23 20 4 5)
     (37 24 27 30 20 4 5 22 25 9 50)
     ()
     (20 4 21 38 8 39 22 25 28 31)
     (20 4 21 38 8 39 22 25 28 31)
     (9 24 21 4 20 23 26 10 31 28 25 22))
    15)
 (v (4 21 24 22 39)
    (89.983)
    ((38 21 9 25 22)
     (22 25 9 8 21 38)
     (21 6 20 17 2 3 19 8 39 22)
     (9 25 22 48 24)
     (22 39 48 24)
     (38 21 9 25 22)
     (38 21 9 25 22)
     (22 39 48 24)
     (48 38 9 25 22)
     (22 25 9 38 21)
     (49 39 48 24)
     (20 23 8 9 22 25)
     (21 38 9 25 22)
     (22 25 24 48)
     (9 25 22 48 24)
     (22 39 48 24)
     (49 39 48 24)
     (51 48 4 22 25)
     ()
     (22 25 9 38 21)
     (22 25 38 21))
    18)
 (g (5 4 20 23 8 9 22 25 28 43 12)
    (57.569)
    ((20 34 47 22 39 8 38 10 11 28 51 21)
     (41 10 26 23 20 4 5 22 25 28 43 12)
     (25 51 21 4 20 50 8 40 39 22)
     (24 40 54 12 42 55 20 4 5 22 25 41 10)
     (6 23 26 29 42 30 13 20 4 5 22 25 9 50)
     (4 20 23 8 9 10 11 28 51 21 5)
     (20 17 2 18 21 51 9 39 22 25 28 43 12)
     (47 34 20 23 8 22 25 28 43 12)
     (20 4 35 3 2 32 0 22 25 28 43 12)
     (6 23 26 29 42 30 43 20 4 5 22 25 9 50)
     (20 4 49 39 24 10 11 28 51 37)
     (10 11 31 13 12 20 4 5 22 25 9 50)
     ())
    10)
 (b (36 5 22 25 9 50 23 20 17 14)
    (44.132)
    ((36 5 22 25 9 50 23 20 17 14)
     (23 20 17 14 4 5 22 25 9 8)
     (23 20 17 14 4 49 25 41 10 26)
     (14 17 20 23 36 5 22 25 9 8)
     (4 49 25 41 10 23 20 17 14)
     (20 17 14 50 9 25 22 5 4)
     ()
     (50 6 21 18 44 20 4 5 22 25 41 10 26)
     (23 6 21 18 15 20 4 5 22 25 9 50))
    6)
 (d (16 19 22 25 7 48 20 23 8 9)
    (51.169)
    ((16 19 22 25 7 48 20 23 8 9)
     (16 19 22 25 7 48 20 23 8 9)
     (16 19 22 25 7 48 20 23 8 9)
     (16 19 22 25 7 48 20 23 8 9)
     (16 19 22 25 7 48 20 23 8 9)
     ()
     (41 10 26 23 36 15 18 21 51))
    4)
 (o (20 4 5 22 25 9 50)
    (46.098)
    ((20 4 5 22 25 9 50)
     (20 4 5 22 25 41 10 26 23)
     (20 23 6 37 22 25 9 8)
     (20 23 6 37 22 25 9 8)
     ())
    3)
 (i (25 22 5 45)
    (68.5)
    ((16 25 49 21)
     (45 15 49 25 9)
     (7 25 28 11 3)
     (16 49 25 9)
     (5 22 25)
     (25 49 21 19)
     (25 49 21)
     ())
    5)
 (w (8 23 20 9 24 21 22 39)
    (83.701)
    ((22 39 20 23 8 24 21 5)
     (24 25 22 5 20 23 8)
     (22 39 9 24 21 20 50)
     (22 5 35 8 23 20 51 21)
     (8 38 48 22 25 9 4 20 50)
     (38 48 20 25 22 5 8 23 36)
     (25 22 5 8 23 36 48 38)
     (21 22 25 9 27 11 20 23 38)
     (22 39 9 24 21 23 26 10 11)
     ()
     (9 24 37 8 23 20 38 51 25 49 36 50 40 10 11)
     (4 46 2 3 19 37 6 8 23 22 25 28 11)
     (49 51 21 40 26 23 36)
     (38 48 20 25 22 5 8 23 36)
     (24 8 23 36 48 22 25)
     (48 21 36 22 25 9 8 23 20)
     (21 8 23 36 25 22 5)
     (40 29 12 13 22 25 28 11 4 20 23 8)
     (6 48 22 25 28 11 4 20 23 8)
     (6 20 17 49 25)
     (5 47 3 25 22 8 23 6 37)
     (20 51 21 8 23 36))
    21)
 (s (5 36 6 51 9 8)
    (79.197)
    ((8 39 6 7 5 4)
     (5 36 8 9)
     (9 8 23 4 5 22 51 48)
     (5 4 6 7 39 8)
     (5 49 39 50 6 51 28)
     (5 49 39 8 23 6 51 28)
     (9 25 49 36 6 7 5 4 20 23)
     (5 4 20 39 8)
     (49 36 9 8 23 7 48)
     (8 39 6 7 36 5)
     (39 8 23 20)
     (6 51 28 22 5 36)
     (6 7 25 5 36 23 8)
     (7 38 36 5)
     (36 5 9 50 38 51)
     ()
     (39 8 23 6 7 5 4)
     (8 39 22 5 4 20 37 38)
     (5 4 34 3 45 0 8 39 6 7)
     (5 4 6 7 39 8 23)
     (20 50 9 7 38 4 5)
     (7 48 4 5))
    20)
 (u (22 5 21 51 9 8 23 20)
    (64.291)
    ((9 8 38 48 25 28 11 27 24 37 5 36 23 26)
     (20 23 8 22 25 28 11)
     (22 25 20 23 8 9)
     (22 39 41 10 26 23)
     (25 9 24 37 5)
     ()
     (39 24 21 41 10 26 23 20))
    4)
 (f (5 4 48 1 32 17 20 23)
    (80.301)
    ((38 21 35 6 37)
     (3 34 20 23)
     (1 32 17 20 23)
     (8 39 49 35 5 36)
     ()
     (8 39 22 19))
    4)
 (l (15 18 21 51)
    (71.705)
    ((15 18 21 51)
     (15 18 21 51)
     (15 18 21 51)
     (15 18 21 51)
     (15 18 21 51)
     (25 22 19 45)
     (15 18 21 51)
     (25 22 19 45)
     (25 22 19 45)
     (15 18 21 51)
     (25 22 19 45)
     ())
    9)
 (z (5 4 6 37 8 23)
    (59.095)
    ((38 7 25 9 50 20 5 4)
     (38 37 4 5 8 9)
     (20 50 9 25 7 38 49 4)
     (38 51 9 27 49 4)
     (9 39 7 6 37 38 5 4)
     (5 4 37 38 9 40)
     (37 38 8 9 49 4)
     (4 5 50 9 6 7 22)
     ())
    7)
 (e (6 7 49 4 20 23 8 9)
    (47.693)
    ((37 6 5 4 20 23 8 9)
     (28 11 27 8 20 4 5)
     (4 21 37 22 25 23 8 9)
     (6 51 9 50 20 34 3 19 22)
     (49 36 23 8 9 7 6)
     (9 50 20 4 5 7 6)
     ()
     (9 39 20 4 21 38)
     (41 11 53 50 20 4 5 7 6)
     (4 5 22 9 8 23)
     (4 21 24 39 25 41 10 26 23))
    8))
>>>> (transcript-off)
