Chez Scheme Transcript [Sat Jan  1 21:31:14 2000]
>> *scratchspace*
((s (4 5 6 7 8 20 39)
    (66.605
      68.04
      69.029
      65.649
      67.236
      66.653
      66.818
      65.068
      66.188
      69.456
      66.035
      65.291)
    (((5 6 7 11 25 28 36 52) (89.648))
     ((4 5 7 10 11 25 26 28 48) (91.643))
     ((5 8 22 24 36 51) (300.0))
     ((5 6 7 10 11 25 28 36) (300.0))
     ((5 6 28 39 49 50 51) (300.0))
     ((8 21 22 36 37 39) (300.0))
     ((5 6 7 8 17 20 39 46) (106.021))
     ((4 6 8 20 38 39 49) (300.0))
     ((5 6 7 9 10 11 26 28 36 39) (89.247))
     ((4 5 7 8 9 25 48) (69.44 71.541))
     ((3 8 20 21 22 34 36 37 39) (300.0))
     ((4 5 8 9 48 51) (70.743 70.118))
     ((19 35 36) (300.0))
     ((5 8 9 10 11 23 25 26 28 36) (300.0))
     ((8 9 10 11 20 23 25 26 31) (300.0))
     ((4 5 6 20 22) (300.0))
     ((5 6 22 36 51) (300.0))
     ((4 5 6 7 8 9 25) (300.0))
     ((4 5 6 7 8 39) (300.0 300.0 300.0))
     ((5 6 7 10 11 25 26 28 36) (89.006 76.971))
     ((4 5 6 9 10 11 20 22 24 26 28) (89.305 85.622))
     (() (299.99)))
    22)
 (d (6 8 9 16 19 22 23 25 37)
    (44.091 44.628 44.695 44.729)
    (((1 4 5 7 15 16 18 19 20 22 23 38 46) (300.0))
     ((1 3 4 5 10 20 22 23 25 26 41 45) (300.0))
     ((4 5 7 16 19 20 22 23 25 38) (46.458 47.476))
     ((6 8 9 19 22 23 25 37) (47.308 46.403))
     ((3 4 5 10 15 16 20 22 23 25 26 41) (300.0))
     ((1 6 8 9 15 16 19 22 23 37) (300.0))
     ((7 8 9 16 19 20 22 23 25 48) (45.268 44.088 45.439))
     ((4 5 8 16 19 20 22 23 25 39) (54.99 56.024))
     ((4 8 19 20 21 22 25 38 39) (109.472))
     ((1 4 5 7 14 15 16 19 20 22 23 38 44) (300.0))
     (() (299.99)))
    9)
 (y (8 10 22 23 25 28 31 39 55)
    (52.342 48.527 47.592 51.38 49.928 50.259)
    (((11 13 22 23 28 31 39 52 53 54) (83.721))
     ((10 17 22 25 28 31 46 49 55) (103.187))
     ((4 9 12 20 22 23 24 25 28 38 43 49) (300.0))
     ((4 7 10 22 23 25 26 41 48) (88.216))
     ((10 22 23 25 26 28 31 40 55) (101.851))
     ((8 9 10 22 23 25 28 31 36 55) (54.567 53.119))
     ((9 10 20 21 22 23 24 25 26 41) (82.117))
     ((0 2 3 4 6 7 10 20 22 25 28 31 45 46 55) (300.0))
     ((6 7 10 22 23 25 28 31 55) (70.252))
     ((7 10 20 22 23 25 28 31 48 55) (84.609))
     ((4 10 22 25 28 31 49 55) (84.499))
     ((8 10 20 22 23 25 28 31 55) (71.224))
     ((7 10 20 22 23 25 28 31 38 55)
      (56.736 55.437 57.961 57.666))
     ((8 9 10 22 23 25 28 31 55) (63.957 62.446 62.911 61.208))
     (() (299.99)))
    14)
 (l (9 15 18 21 24)
    (58.704
      59.456
      57.103
      57.689
      59.777
      56.569
      57.607
      59.247
      58.03
      59.285
      55.59
      57.67
      58.284
      60.042
      58.82
      59.459
      57.854
      56.073
      58.467
      58.754
      56.742
      60.229
      56.827)
    (((0 1 8 9 16 19 20 22 23 34 44) (94.599))
     ((0 1 16 19 22 34 44) (110.221 126.81))
     ((10 11 16 19 22 25 28) (300.0))
     ((0 1 8 9 16 19 20 21 22 23 34 44 46 51) (116.446))
     ((0 1 2 8 14 16 18 19 22 23 36) (97.303))
     ((0 1 14 16 19 46 49) (104.581))
     ((7 15 18 21 25) (56.951 60.502))
     (() (299.99)))
    7)
 (i (22 24 25 35 37)
    (62.633 62.651 64.605)
    (((10 24 40) (300.0))
     ((6 19 51) (119.282))
     ((23 52) (300.0))
     ((4 5 20 22 23 25) (300.0))
     ((19 25 49) (106.883))
     ((6 35 51) (71.528 69.526 68.993))
     ((5 10 19 25 26 41) (300.0))
     ((3 6 51) (69.828 70.178 69.401 70.977 70.554))
     ((3 22 25) (74.154 76.368))
     ((5 16 22 25) (96.048 96.415))
     ((25 49) (300.0 300.0))
     ((16 25 49) (105.268 107.643))
     ((10 22 25 35 41) (300.0))
     (() (299.99))
     ((10 22 25 41) (300.0 300.0))
     ((4 5 20 22 25) (300.0))
     ((10 25 26 41) (300.0))
     ((25 39) (300.0))
     ((10 20 23 25 26 41 45) (300.0))
     ((8 9 22 25) (300.0))
     ((5 22 25) (300.0)))
    19)
 (w (9 23 24 25 26 40)
    (69.895)
    (((10 21 23 36 39 40 52) (300.0))
     ((8 20 23 39 49) (300.0))
     ((3 8 19 20 22 23 36 39 50) (300.0))
     ((7 23 24 25 26 28 36 40 51) (300.0))
     ((2 8 20 21 22 23 24 25 37 47 51) (300.0))
     ((4 6 21 34 39 47) (300.0))
     ((7 8 22 23 24 25 36 37) (300.0))
     ((8 10 11 20 23 28 36 37 40 50 51) (300.0))
     ((4 8 11 20 22 23 25 28) (300.0))
     ((9 23 25 26 36 39 40) (300.0))
     ((8 10 12 13 23 24 28 31 36 37 40 42) (300.0))
     ((4 8 20 22 23 39) (300.0))
     ((22 23 24 26 36 39 40) (100.356))
     ((9 10 11 21 22 23 25 26 27) (109.572 109.611 111.189))
     ((7 11 25 28 37 39 52) (300.0))
     ((4 8 22 23 24 39 48) (300.0))
     ((4 5 6 8 9 11 22 23 39 41) (300.0))
     ((9 11 13 23 24 25 31 52 54) (300.0))
     ((8 20 23 24 26 37 40) (300.0))
     ((8 21 22 23 37 39) (300.0))
     ((8 21 22 23 34 39 51) (111.66 114.197))
     ((8 10 23 28 36 39 40 41) (300.0))
     ((8 9 20 21 22 23 24 39 48) (123.27 108.863))
     ((9 11 22 23 24 25 52 53) (300.0))
     ((8 10 20 23 24 28 37 40 41) (300.0))
     ((2 3 7 36 37 39 45 46) (300.0))
     ((2 8 10 11 20 21 22 23 25 26 47 51 53) (300.0))
     (() (299.99))
     ((10 11 22 23 25 26 28 36 51) (300.0))
     ((9 22 24 36 39 48 50) (300.0))
     ((5 23 24 26 36 39 40) (300.0))
     ((2 8 20 21 22 23 25 47 50 51) (300.0))
     ((8 10 11 21 22 23 28 39 40 51) (300.0))
     ((5 8 9 22 23 24 25 39 49) (300.0))
     ((19 22 23 24 25 26 35 40 48) (300.0))
     ((8 10 22 23 28 36 39 40 41) (300.0)))
    33)
 (t (4 5 8 9 18 23 25 36)
    (48.598 48.679 48.977 48.38)
    (((4 5 8 9 18 21 25 38) (71.466))
     ((4 5 18 21 38) (300.0))
     ((9 17 20 23 25 36 50) (300.0))
     ((5 11 18 21 36 38 52) (84.911))
     ((6 7 10 11 18 20 23 26 28 36) (300.0))
     ((6 18 21 37 38) (300.0))
     ((4 5 20 23 46) (300.0))
     ((4 5 10 18 23 25 26 36 41)
      (65.619 66.768 65.465 65.013 63.512))
     ((4 5 9 18 25 36 50) (74.808 75.732))
     (() (299.99)))
    10)
 (x (21 37 38 51)
    (60.078 61.269 63.313 62.188 59.619 67.422)
    (((6 7 20 23 24 37 50) (300.0))
     ((6 7 23 24 37) (102.768))
     ((4 6 7 20 37 38) (300.0))
     ((4 5 22 37 38) (300.0))
     ((37 38 48 51)
      (65.428 62.923 63.334 68.416 62.195 63.758 63.194 62.119))
     ((25 37 38 49) (73.193 74.951))
     ((4 5 6 19 20 23 36 37 49) (300.0))
     ((3 4 6 7 20 35 37 38) (114.49))
     ((5 8 36 39) (300.0))
     (() (299.99))
     ((8 9 22 24 25 39 49 51) (300.0))
     ((6 7 17 20 37 38) (300.0)))
    11)
 (h (6 14 17 20 22 23 25 37)
    (48.768
      45.847
      48.65
      49.517
      46.815
      48.081
      44.985
      46.92
      47.638
      48.834)
    (((5 14 17 20 22 23 25) (300.0 300.0))
     ((4 5 15 20 22 23 25 34) (62.856))
     ((4 5 14 17 20 22 23 25)
      (57.701
        55.844
        55.358
        57.835
        58.797
        56.777
        58.974
        57.414
        47.379
        59.649
        57.625
        54.452
        57.23
        56.444
        54.994
        49.759
        58.92
        55.895))
     (() (299.99)))
    12)
 (r (4 5 20 23)
    (45.957 47.062 48.808 46.275)
    (((4 5 22 23) (300.0 300.0))
     ((4 5 23) (300.0 300.0 300.0 300.0))
     ((6 7 22 23) (67.758 69.05 67.647 67.045 65.136 68.729))
     ((6 23 37) (69.22 70.288 68.163))
     (() (299.99)))
    8)
 (a (4 5 7 8 9 22 25 38)
    (49.071 51.359)
    (((4 5 6 7 10 22 23 25 26 41) (71.196))
     ((5 7 8 9 20 22 23 25 48) (50.677 50.913 54.224))
     ((4 5 6 8 22 25 38 39) (300.0))
     ((4 6 8 25 38 39 49) (300.0))
     ((5 6 8 9 20 22 24 25 39) (300.0))
     ((4 5 22 25) (300.0 300.0))
     ((4 5 6 7 8 22 23 39) (61.793 62.128))
     (() (299.99))
     ((6 8 25 38 39) (300.0)))
    8)
 (v (22 25 48 51)
    (56.119 60.326 57.866)
    (((8 21 22 38 39) (300.0))
     ((20 21 23 38)
      (64.557
        67.028
        66.153
        66.378
        67.276
        64.15
        68.685
        67.169
        65.991
        65.422
        66.563
        67.339
        64.199))
     ((8 9 20 22 23 25) (300.0 300.0))
     ((8 22 24 25 48) (300.0))
     ((5 8 23 24 36 48) (300.0 300.0))
     ((4 22 25 48 51) (300.0))
     ((6 22 23 25 51) (89.157))
     (() (299.99))
     ((8 9 21 22 25 38) (300.0 300.0)))
    10)
 (m (4 5 20 21 22 23 24 25)
    (48.698 48.209 50.527 57.815 58.298)
    (((10 20 21 23 24 25 37 38 39 40 52) (300.0))
     ((4 5 21 22 23 24 25) (105.342))
     ((2 5 20 21 22 23 25 34) (300.0))
     ((21 22 39 51) (300.0))
     ((2 20 23 24 25 36 37 39 46) (131.007))
     ((9 22 23 25 48) (93.05))
     ((20 23 24 25 37 39) (300.0))
     ((20 22 23 24 25 37 48) (50.555 83.595 65.234 50.161))
     ((4 5 9 23 37 49 51) (300.0))
     ((23 24 25 36 37 39) (300.0))
     ((5 20 22 23 24 25 48) (72.281 72.135 75.599 72.954))
     ((11 23 25 39 48 53) (106.364))
     ((20 23 24 25 48 49)
      (78.086 81.714 78.293 73.421 74.699 76.186 78.537))
     ((5 23 24 25 36 37 39) (300.0))
     ((22 24 25 37 38) (83.541 81.541))
     ((4 21 22 23 24 25 47) (119.474))
     ((5 21 22 23 24 25 36) (81.751 88.919 67.44))
     ((22 23 24 25 37 48) (89.611 90.984 92.671 89.606 87.503))
     ((6 9 20 22 23 25) (111.422 125.39))
     (() (299.99)))
    21)
 (p (6 8 9 22 23 25 26 29 37)
    (50.176 48.145)
    (((4 5 6 9 20 22 23 25 26 29 50) (300.0))
     ((4 5 9 20 22 23 24 25 26 29 38)
      (51.716 51.977 50.296 51.561))
     ((4 6 8 9 20 22 23 25 37) (300.0))
     ((4 5 10 12 13 20 22 23 24 25 26 31 41 53) (300.0 300.0))
     ((4 5 6 10 20 22 23 25 26 38 41 42 50 52) (300.0))
     ((6 8 9 20 22 23 25 26 29 37) (53.937 52.482))
     ((4 5 6 20 22 23 25 26 29 51) (53.791 53.63))
     (() (299.99)))
    6)
 (z (4 5 6 8 9 23 37)
    (48.204 47.519 51.515 48.386 46.933 48.717 49.314)
    (((4 5 25 37 38 39) (300.0))
     ((4 5 6 36 51) (300.0))
     ((4 5 6 8 22 23 39 51) (300.0))
     ((4 5 6 8 11 23 51 52) (300.0))
     ((4 5 10 28 37 38 40 41) (300.0))
     ((6 8 11 22 37 39 52) (300.0))
     ((4 5 8 9 10 11 22 25) (300.0))
     ((4 5 8 9 37 38)
      (69.153
        57.626
        59.577
        62.335
        60.3
        59.877
        60.543
        60.718
        60.158
        60.346
        61.246
        61.499
        60.204
        60.966
        70.26
        59.308))
     ((5 36 37 38) (300.0))
     ((4 5 36) (300.0))
     (() (299.99)))
    15)
 (j (10 22 25 28 31 35 55)
    (58.101 57.872 57.351 54.409 56.491 57.456)
    (((10 16 22 25 28 31 55) (99.068))
     ((22 25 26 29 41 52) (300.0))
     ((5 10 19 22 25 28 31 55) (300.0))
     ((3 10 22 25 28 31 55)
      (57.078 57.614 58.031 57.648 57.404 63.167 58.241))
     (() (299.99))
     ((10 22 25 28 31 55) (300.0 300.0 300.0 300.0)))
    8)
 (k (6 7 9 14 17 20 22 23 50)
    (63.451 59.761 62.25 61.232)
    (((6 7 9 10 11 14 17 20 23 26 31 50) (107.205))
     ((6 7 8 14 17 20 23) (92.274))
     ((4 6 14 17 20 23 36 37 39 50) (75.388 75.137))
     ((4 6 7 8 9 14 17 20 21 22 23 51) (300.0))
     ((6 7 8 9 10 11 14 17 20 26) (300.0))
     ((6 7 9 14 17 20 23 24 36) (99.976))
     ((6 7 9 10 11 14 17 20 22 23 40) (300.0))
     ((6 7 9 14 17 20 23 50) (67.837 66.698 68.796 67.73 67.552))
     ((4 5 14 17 20 23 36 48 49) (300.0))
     ((4 5 6 9 14 17 20 23 48 50) (67.882 81.309))
     ((6 7 9 14 17 20 21 23 24 36 50) (300.0))
     ((4 6 14 17 20 23 36 39 50) (85.102))
     ((6 7 9 10 14 17 20 22 23 40) (300.0))
     ((4 14 17 20 23 36 49 50) (92.596))
     (() (299.99)))
    14)
 (u (5 8 9 20 22 23 25)
    (63.834 63.567)
    (((5 8 9 22 23 25)
      (75.028 73.663 71.334 70.942 73.655 73.267 74.136))
     ((5 8 22 23 39) (73.268 74.154 72.047 72.233))
     ((7 8 23 37 39) (300.0))
     ((5 21 23 24 26 40) (300.0))
     ((8 20 22 23 39) (75.609 76.953))
     ((8 23 39) (76.67 75.891))
     ((5 7 10 11 22 28 36 40 51) (300.0))
     ((8 22 23 39) (75.871 72.893))
     ((7 8 23 25 37 39) (78.505 80.367))
     ((5 10 22 23 25 26 41) (110.584))
     ((9 20 22 23 25 27 38) (300.0))
     ((10 11 22 23 25 26 28) (104.752))
     ((8 11 22 23 24 25 28 48) (300.0 300.0))
     ((10 22 23 25 26 41) (78.15 79.593 103.341 78.364))
     (() (299.99)))
    10)
 (q (4 5 7 20 22 23 25 28 31 38)
    (40.137
      38.387
      40.071
      41.773
      41.807
      41.43
      39.514
      41.878
      40.477
      39.603
      40.919
      40.377
      40.487
      42.589
      39.669
      39.617
      38.387
      41.322
      40.668
      40.985
      40.835)
    (((4 8 20 21 22 25 28 31 38 39) (300.0))
     ((4 5 10 13 20 22 23 24 25 26 27 41 43 55) (104.554))
     ((4 5 6 10 20 22 23 24 25 26 27 30 31 36 41 43) (300.0))
     ((4 20 21 22 25 26 28 31 38 39 40) (300.0))
     ((4 5 10 20 22 23 24 25 26 31 37 41 53) (300.0))
     ((4 5 10 12 20 22 23 24 25 26 27 31 41 42 43) (107.173))
     ((3 5 20 21 22 24 25 27 28 30 32 34 45) (300.0))
     ((6 8 9 22 23 25 28 31 37) (45.827 44.767 45.252 44.111))
     ((8 20 22 23 25 28 31 39) (300.0))
     (() (299.99)))
    10)
 (n (5 22 23 25 36)
    (51.887
      63.553
      52.015
      63.633
      65.325
      55.187
      65.636
      53.357
      51.451
      51.092
      63.976
      50.796
      52.023)
    (((18 20 21 23 24 25 34 39) (300.0))
     ((4 23 25 49) (102.82))
     ((4 5 20 22 23 25)
      (62.116 62.026 62.752 59.168 63.069 47.228))
     ((4 5 22 23 25) (99.926 101.139 101.278))
     ((18 21 23 34 51) (300.0))
     (() (299.99))
     ((9 18 21 23 24 34) (300.0)))
    8)
 (o (4 5 9 20 22 25 50)
    (49.383 51.059 49.472 50.266)
    (((4 5 10 20 22 23 25 26 41) (112.161 110.484 113.083))
     ((6 8 9 20 22 23 25 37) (300.0))
     (() (299.99))
     ((4 5 7 20 22 23 25 38) (300.0)))
    4)
 (g (22 25 28 31 55 10 5 4 20 23 38 7) (0.0) () 0)
 (f (3 44 14 17 48 24 4 5) (0.0) () 0)
 (e (25 22 5 4 20 6 51 23 8) (0.0) () 0)
 (c (37 6 23 8 9) (0.0) () 0)
 (b (14 17 20 23 6 37 22 25 9 8) (0.0) () 0))
>> (transcript-off)
