Chez Scheme Transcript [Mon Jan 10 12:21:44 2000]
>> (draft-test-suite)
((d ((10 16 20 21 23 24 26 28 35 41) 1 300.0 0)
    ((4 8 16 19 20 22 23 25 49) 2 26.0 48.98)
    ((14 15 17 18 20 21 23 44 47 51) 1 300.0 0)
    ((4 5 6 9 10 11 13 20 22 23 25 26 31 50 51) 1 300.0 0)
    ((18 21 22 24 25 51) 1 300.0 0)
    ((7 14 15 17 18 20 21 22 44 47 51) 1 300.0 0)
    ((4 6 8 22 23 25 39 47 48) 1 41.429 48.749)
    ((9 14 15 17 18 20 21 23 24 44 47) 1 300.0 0)
    ((4 8 20 21 25 38 39) 1 300.0 0)
    ((4 8 9 20 22 23 25 47 49) 1 14.856 48.984)
    ((1 4 15 18 20 21 23 24 38 39 49) 1 300.0 0)
    ((8 15 18 20 23 25 39 49) 1 300.0 0)
    ((6 8 9 15 18 21 23 25 49 51) 1 300.0 0)
    ((4 16 19 20 21 22 23 24 25 39) 2 300.0 0)
    ((4 9 18 20 21 50 51) 1 8.714 48.965)
    ((5 11 22 24 25 27 36 50 51) 1 300.0 0)
    ((4 5 16 19 20 23 24 37) 1 56.699 48.87)
    ((15 17 18 20 21 46 49 51) 1 300.0 0)
    ((4 5 8 16 20 21 23 24 35 37) 1 300.0 0)
    ((4 9 19 20 21 22 23 24 25) 1 69.891 49.003)
    ((0 3 4 5 8 14 15 16 17 20 22 23 48 51) 1 300.0 0)
    ((7 9 15 16 18 19 20 21 22 25 50) 1 300.0 0)
    ((4 5 8 18 21 22 39 51) 1 300.0 0)
    ((4 6 15 18 20 21 24 39 49 51) 2 300.0 0)
    ((4 5 15 20 22 23 25 47) 1 300.0 0)
    ((4 5 16 19 20 22 25 39 50) 2 11.428 49.263)
    ((0 4 8 9 14 15 16 17 19 20 25 38 47 48 49) 1 79.333 48.962)
    ((4 16 19 22 25 36 39 48 50) 2 178.717 48.779)
    ((8 9 15 18 20 21 23 24 39 48 49) 1 300.0 0)
    ((5 8 9 16 21 22 23 24 25 35 36) 1 300.0 0)
    ((4 7 8 16 20 21 23 24 35 39) 1 300.0 0)
    ((4 5 20 22 39 47 50) 1 25.143 48.891)
    ((1 4 5 9 15 16 18 19 20 21 22 23 24 25 41 52) 1 300.0 0)
    ((7 16 20 21 24 25 34 35 37 47) 1 300.0 0)
    ((5 9 16 19 22 25 36 50) 3 0.666 49.416)
    ((1 3 5 9 22 36 45 50) 1 300.0 0)
    ((4 5 6 8 9 10 11 13 20 22 23 25 31 40 50 51) 1 300.0 0)
    ((4 5 19 20 22 25 39 50) 1 12.666 48.795)
    ((17 18 19 20 21 22 46 49 51) 1 300.0 0)
    ((4 8 9 18 20 21 23 51) 1 300.0 0)
    ((1 3 16 19 20 21 22 24 25 34 35) 1 300.0 0)
    ((9 15 16 18 19 21 22 24 25 33 34) 1 300.0 0)
    ((0 3 4 5 9 14 15 16 17 20 22 25 48 50) 1 68.711 48.967)
    ((8 14 15 17 18 20 21 22 23 44 47 51) 1 300.0 0)
    ((1 8 15 16 18 19 20 21 22 23 39) 1 300.0 0)
    ((5 8 9 18 21 22 23 25 36 51) 1 300.0 0)
    ((15 16 19 23 25 36 47 49) 1 300.0 0)
    ((1 5 9 15 16 17 18 19 20 21 22 24 46) 1 300.0 0)
    ((1 4 5 8 15 18 20 21 23 24 37) 1 300.0 0)
    ((4 5 6 15 18 20 22 24 25 39 49 51) 1 300.0 0)
    ((16 21 24 35) 1 300.0 0)
    ((16 19 22 25) 3 300.0 0)
    ((4 8 9 16 19 20 22 23 25 49) 2 7.5 49.277)
    ((3 5 9 15 16 22 36 50) 1 300.0 0)
    ((0 3 5 9 14 15 16 17 20 21 22 23 25 50) 1 300.0 0)
    ((4 18 20 21 24 25 49 51) 1 300.0 0)
    ((1 5 9 15 16 18 19 20 21 23 24 37 38 49) 1 300.0 0)
    ((5 8 16 19 23 24 36 37) 1 17.429 49.037)
    ((4 8 19 20 22 23 25 49) 1 27.81 48.774)
    ((0 1 3 4 5 8 9 14 17 20 22 23 25 33 38 48) 1 300.0 0)
    ((0 3 5 9 14 15 16 17 20 22 23 36 50) 1 300.0 0)
    ((1 5 7 15 16 18 19 21 22 23 24 36 38) 1 300.0 0)
    ((0 3 4 5 8 14 15 16 17 20 21 22 23 39) 1 300.0 0)
    ((1 9 15 16 18 19 20 21 22 25 50) 1 300.0 0)
    ((4 6 8 16 19 22 23 25 39 48) 1 27.858 49.187)
    ((1 5 8 15 16 18 19 23 36 37 39 49) 1 300.0 0)
    ((5 8 9 16 21 22 23 25 35 36) 1 18.143 48.745)
    ((4 8 16 19 20 21 22 25 38 39) 1 300.0 0)
    ((4 5 9 10 12 20 22 25 26 38 42 50 51) 1 300.0 0)
    ((1 8 9 15 16 18 19 20 21 22 23 51) 1 300.0 0)
    ((4 15 16 19 20 23 25 47 49) 1 300.0 0)
    ((1 3 4 5 8 9 20 22 23 25 45) 1 300.0 0)
    ((5 22 24 25 27 36 50 51) 1 300.0 0)
    ((5 9 15 22 25 36 47 50) 2 12.809 48.935)
    ((4 5 6 8 9 10 11 20 22 23 25 40 50 51) 1 300.0 0)
    ((5 8 9 22 23 25 36 47) 1 14.238 49.173)
    ((4 6 8 16 19 22 25 36 38 39) 1 73.822 48.633)
    ((14 15 17 18 20 21 44 47 51) 1 300.0 0)
    ((3 4 5 15 16 20 23 37 38) 1 300.0 0)
    ((0 3 4 5 8 9 14 15 16 17 20 22 23 25 48) 1 69.619 49.074)
    ((2 3 4 5 6 9 10 11 20 22 23 25 26 35 39 49 50 51 53)
     1
     300.0
     0)
    ((4 9 16 19 20 21 22 23 24 25) 1 71.792 48.732)
    ((4 9 15 18 20 25 49 50) 1 300.0 0)
    ((6 8 9 16 19 22 25 36 38 49) 1 1.285 49.312)
    ((1 15 16 18 19 20 21 22 23 24 48 51) 1 300.0 0)
    ((8 15 18 20 21 23 51) 1 300.0 0)
    ((15 18 19 21 22 25 35 36 51) 1 300.0 0)
    ((5 8 9 19 22 23 25 36) 1 2.476 49.173)
    ((8 16 19 20 22 23 39) 1 76.799 48.83))
 (l ((8 9 14 17 20 23) 5 14.57 48.538)
    ((0 1 8 9 14 17 18 20 21 22 25 33 38) 2 53.863 48.392)
    ((11 19 21 22 24 25 27 28 36) 1 300.0 0)
    ((14 17 20 23 44 47) 1 61.752 48.486)
    ((15 18 21 51) 1 6.571 48.308)
    ((20 23 33 34) 4 34.572 48.473)
    ((9 22 25 47 53) 1 300.0 0)
    ((8 9 19 20 21 22 25 33 34 36 38) 2 300.0 0)
    ((22 25 44 47) 2 300.0 0)
    ((16 19 22 39) 6 44.831 48.493)
    ((0 14 15 17 18 20 21 23 24) 1 56.178 48.7)
    ((0 3 8 9 14 20 25 34 36 37 38 45 49) 1 64.077 48.589)
    ((6 8 9 23 25 33 37 46 47 49) 1 300.0 0)
    ((6 8 9 22 25 38 47) 1 300.0 0)
    ((19 22 25 45) 5 44.569 48.359)
    ((0 1 14 17 20 23) 3 44.827 48.453)
    ((6 8 9 15 22 25 35 36 38 45) 1 52.082 48.509)
    ((17 20 23 32) 1 36.286 48.389)
    ((10 11 23 26 28 35 36) 1 300.0 0)
    ((0 1 8 9 14 19 20 21 22 25 33 34 36 38) 3 64.817 48.591)
    ((1 15 18 21 24) 3 45.789 48.522)
    ((0 8 14 17 18 19 20 21 22 23 24 45) 1 42.266 49.149)
    ((0 1 3 14 17 20 33) 1 57.711 48.489)
    ((1 14 16 23 32 35 36 38 44 47) 1 77.091 48.791)
    ((8 10 23 35 36 40) 1 300.0 0)
    ((0 1 6 8 9 14 18 19 22 25 33 36 38) 1 68.977 48.768)
    ((8 11 17 20 23 27 28) 1 300.0 0)
    ((8 9 11 25 31 49 52) 1 300.0 0)
    ((18 21 24 33) 4 16.572 48.35)
    ((0 1 8 9 16 18 19 23 36 37 44) 1 67.705 48.588)
    ((9 16 19 22 25) 2 45.665 48.587)
    ((8 9 10 11 12 13 23 28 29 35 36) 1 300.0 0)
    ((16 19 37 38) 3 31.714 48.458)
    ((0 15 18 21 24) 1 29.715 48.27)
    ((0 1 8 14 16 17 35 36 38 48) 2 300.0 0)
    ((8 14 17 18 20 21 23 24) 1 54.949 48.486)
    ((0 1 8 16 18 19 23 36 37 44) 1 57.71 48.517)
    ((6 8 9 16 22 25 35 36 38 47) 1 300.0 0)
    ((8 9 10 11 19 22 25 26) 2 300.0 0)
    ((3 9 15 23 25 35 37 38 49 50) 1 41.226 48.49)
    ((0 1 3 8 9 14 16 20 23 34 46 49 51) 1 300.0 0)
    ((1 16 19 22 25) 1 44.027 48.578)
    ((0 1 14 16 17 24 35 36 39 48) 1 300.0 0)
    ((0 1 16 19 22 23 34 38 44 48) 1 69.185 48.802)
    ((14 17 20 23 37 38 44) 1 54.46 48.611)
    ((0 1 16 18 19 36 37 44 50) 1 49.445 48.969)
    ((0 6 8 9 14 22 25 35 36 38 45 47) 1 300.0 0)
    ((0 1 14 16 19 20 23 34 46 47 49) 1 300.0 0)
    ((1 3 9 23 25 32 33 35 37 38 49 50) 1 36.858 48.358)
    ((0 1 8 9 14 17 18 19 20 21 22 25 33 38) 1 60.631 48.438)
    ((0 1 14 17 18 20 21 33 51) 1 69.579 48.827)
    ((8 9 25 49) 1 300.0 0)
    ((0 1 14 16 17 24 35 36 48) 1 77.446 48.826)
    ((1 6 8 9 16 22 25 35 36 38 47) 1 300.0 0)
    ((9 15 18 21 24) 2 3.144 48.467)
    ((0 8 9 14 15 16 17 18 19 20 21 22 23 25) 1 300.0 0)
    ((0 1 14 16 19 20 23 37 38 46 49) 1 300.0 0)
    ((11 18 21 24 25 27 28) 1 39.239 48.707)
    ((14 17 48 51) 1 17.429 48.343)
    ((0 1 16 18 19 25 37 44 49) 1 300.0 0)
    ((0 1 16 17 18 19 20 36 37 44) 1 300.0 0)
    ((0 1 8 14 16 19 37 38 46 49) 1 300.0 0)
    ((0 1 16 19 20 22 34 36 44 46) 1 300.0 0)
    ((11 22 25 27 28 40) 1 300.0 0)
    ((0 14 15 17 18 20 21 23) 1 62.447 48.602)
    ((1 7 8 9 23 25 33 35 36 37 47) 1 300.0 0))
 (m ((23 24 25 36 37 49) 1 300.0 0)
    ((7 9 20 21 22 23 27 38 48) 1 300.0 0)
    ((20 21 22 23 24 47) 1 77.064 48.737)
    ((9 22 23 25 36 48) 1 52.345 48.536)
    ((4 8 20 21 22 25 38) 1 300.0 0)
    ((5 22 24 25 37) 1 300.0 0)
    ((18 19 22 24 25 36 48) 1 300.0 0)
    ((5 21 22 25 38 50) 2 45.515 48.807)
    ((5 20 21 22 23 24 50) 1 300.0 0)
    ((4 5 20 21 22 23 24 25) 1 5.81 48.984)
    ((4 7 8 9 20 21 22 23) 1 300.0 0)
    ((5 20 21 22 50 51) 1 24.237 48.995)
    ((5 20 21 22 23 50 51) 1 300.0 0)
    ((3 5 22 35 51) 1 300.0 0)
    ((23 25 38 49 50) 1 300.0 0)
    ((25 38 49) 1 300.0 0)
    ((5 21 22 25 48 50 51) 1 300.0 0)
    ((7 21 22) 1 300.0 0)
    ((5 8 9 20 21 22 23 24) 1 300.0 0)
    ((5 20 21 22 23 51) 1 18.905 48.753)
    ((7 9 11 21 23 25 27 36 37) 1 300.0 0)
    ((3 5 22 35 50 51) 2 300.0 0)
    ((22 25 48 50) 1 63.276 48.233)
    ((23 24 25 36 37 39) 1 300.0 0)
    ((5 11 22 25 30 38 53) 1 300.0 0)
    ((5 7 11 20 25 28 36 37 38) 1 300.0 0)
    ((6 22 23 24 25 37) 1 23.905 48.804)
    ((5 8 20 21 22 23 24 25 48 51) 1 300.0 0)
    ((20 21 23 24 25 37 38 39 52) 1 300.0 0)
    ((5 20 22 25 48 50) 1 38.143 49.013)
    ((2 4 7 18 20 25) 1 300.0 0)
    ((4 21 23 24 25 36 49) 1 25.762 49.33)
    ((5 22 23 25 50) 1 300.0 0)
    ((21 22 37 39) 1 300.0 0)
    ((2 5 6 22 34 39 48) 1 300.0 0)
    ((6 9 22 25) 1 300.0 0)
    ((21 22 23 25 50 51) 2 300.0 0)
    ((3 22 23 24 25 36 47) 1 84.585 48.753)
    ((3 4 5 9 20 21 22 35 38 50) 1 300.0 0)
    ((20 21 22 23 25 50 51) 1 300.0 0)
    ((5 20 21 22 23 24) 1 16.238 48.908)
    ((22 23 24 25 37 48) 1 47.566 48.651)
    ((19 24 25 35 48) 1 300.0 0)
    ((6 7 23 27 39 51) 1 300.0 0)
    ((7 9 25 27 36 38) 1 300.0 0)
    ((5 9 22 23 25 37 38) 1 300.0 0)
    ((4 5 8 21 22 24 25 36 50) 1 300.0 0)
    ((5 20 21 22 23 24 25 48) 2 10.857 49.352)
    ((5 21 22 23 50 51) 1 53.88 48.862)
    ((4 5 22 23 25 36 39 49) 1 300.0 0)
    ((5 20 21 22 23 24 25) 1 300.0 0)
    ((5 20 21 22 23 24 51) 1 50.726 49.037)
    ((5 8 20 21 22 23 51) 1 300.0 0)
    ((5 22 38 39) 1 300.0 0)
    ((24 25 38 48 49) 1 35.475 48.828)
    ((5 22 25 38 50) 1 69.943 48.373)
    ((5 20 21 22 24 25) 1 41.475 49.004)
    ((22 23 36 37 39 51) 1 300.0 0)
    ((4 5 20 23 24 25 48 49) 1 55.717 48.931)
    ((2 4 6 7 9 11 18 20 25 27 38) 1 300.0 0)
    ((20 22 23 24 25 37 48) 2 4.286 49.35)
    ((8 20 22 23 36 37 48 49 51) 1 64.754 49.408)
    ((20 21 23 24 35 48) 1 300.0 0)
    ((3 22 23 35 38 49 50) 1 300.0 0)
    ((9 22 25 36 38) 1 76.415 48.51)
    ((20 23 24 25 48 49) 1 36.905 48.769)
    ((7 8 25 36 50) 1 300.0 0)
    ((21 22 24 47) 1 300.0 0)
    ((5 17 21 22 25 46 50) 1 56.947 48.936)
    ((4 5 20 22 23 24 25 48) 1 300.0 0)
    ((4 9 21 23 25 36 49) 1 37.667 49.174)
    ((8 20 21 22 24 25 36 37) 1 300.0 0)
    ((7 20 21 25 34 38 41) 1 300.0 0)
    ((5 20 21 22 38 39 48 51) 1 300.0 0)
    ((9 22 23 25 48) 1 49.095 48.405)
    ((9 22 25 48) 1 300.0 0)
    ((4 5 22 23 38 50 51) 1 300.0 0)
    ((5 23 24 25 36 37 38 39 48) 1 300.0 0)
    ((5 8 21 22 24 50) 1 300.0 0)
    ((3 20 21 22 25 38 47 50) 1 300.0 0)
    ((6 25 38 49 50) 1 300.0 0)
    ((5 22 24 25 48) 1 300.0 0)
    ((22 25 36 37 50) 1 300.0 0)
    ((21 22 47) 1 300.0 0)
    ((5 21 22 25 50) 1 300.0 0)
    ((5 8 10 11 20 21 22 26 51) 1 300.0 0)
    ((6 22 23 24 25 37 48) 2 27.429 49.459)
    ((5 21 22 24 25 51) 1 300.0 0)
    ((5 20 22 23 24 25 48 52) 1 300.0 0)
    ((23 24 25 36 48 49) 1 36.62 49.011)
    ((5 8 20 21 22 24 25 48 51) 1 300.0 0)
    ((9 21 22 23 25) 1 47.475 48.769)
    ((6 8 23 25 34 36 48 49) 1 300.0 0)
    ((8 21 24 25 49) 1 300.0 0)))
>> (transcript-off)
